         0          1   0.295659   0.456384
      0.01    0.99171   0.361017   0.529337
      0.02    0.99171   0.361017   0.529337
      0.03    0.99171   0.361017   0.529337
      0.04    0.99171   0.361017   0.529337
      0.05    0.99171   0.361017   0.529337
      0.06    0.99171   0.361017   0.529337
      0.07    0.99171   0.361017   0.529337
      0.08    0.99171   0.361017   0.529337
      0.09    0.99171   0.361017   0.529337
       0.1    0.99171   0.361017   0.529337
      0.11    0.99171   0.361017   0.529337
      0.12    0.99171   0.361017   0.529337
      0.13    0.99171   0.361017   0.529337
      0.14    0.99171   0.361017   0.529337
      0.15    0.99171   0.361017   0.529337
      0.16    0.99171   0.361017   0.529337
      0.17    0.99171   0.361017   0.529337
      0.18    0.99171   0.361017   0.529337
      0.19    0.99171   0.361049   0.529372
       0.2    0.99171   0.361065   0.529389
      0.21    0.99171   0.361182   0.529514
      0.22    0.99171   0.361696   0.530067
      0.23    0.99171   0.362043   0.530439
      0.24    0.99171   0.362787   0.531237
      0.25    0.99171   0.363632   0.532143
      0.26    0.99171    0.36499   0.533595
      0.27    0.99171   0.365916   0.534584
      0.28    0.99171   0.367404   0.536171
      0.29    0.99171   0.368507   0.537344
       0.3    0.99171   0.370452   0.539408
      0.31   0.991671   0.372812   0.541901
      0.32   0.991631   0.374744   0.543932
      0.33   0.991123   0.377179   0.546416
      0.34   0.990967   0.379869   0.549209
      0.35   0.990928   0.383639   0.553132
      0.36   0.990928   0.386604   0.556208
      0.37   0.990928    0.39136   0.561113
      0.38   0.990771    0.39431   0.564113
      0.39   0.990576        0.4   0.569879
       0.4   0.990302   0.404284   0.574168
      0.41   0.989637   0.410959   0.580753
      0.42   0.989285   0.419296   0.588966
      0.43   0.989246   0.424865   0.594432
      0.44   0.989011    0.43277   0.602082
      0.45   0.989011   0.438476   0.607582
      0.46   0.987916   0.449056   0.617451
      0.47   0.986235   0.455718   0.623384
      0.48   0.985492   0.466555   0.633293
      0.49   0.985257   0.473724   0.639817
       0.5   0.983928   0.486573   0.651142
      0.51   0.981034   0.499543   0.661996
      0.52   0.979548   0.508581   0.669538
      0.53   0.976537   0.522661   0.680895
      0.54   0.971766   0.530864    0.68663
      0.55   0.964336   0.544552    0.69605
      0.56   0.959839   0.554091   0.702593
      0.57   0.955694   0.566962   0.711706
      0.58   0.950454    0.57565   0.717027
      0.59   0.944275   0.590479   0.726598
       0.6   0.936649   0.599375   0.730984
      0.61   0.929493    0.61262   0.738501
      0.62   0.919756   0.626627   0.745409
      0.63   0.916354   0.635187   0.750294
      0.64   0.903801   0.644323   0.752317
      0.65   0.893125   0.651766   0.753592
      0.66   0.883153    0.66446   0.758355
      0.67   0.875802   0.672409   0.760745
      0.68   0.862193   0.682101   0.761646
      0.69   0.855623   0.689661    0.76373
       0.7   0.842836   0.702474    0.76628
      0.71   0.833138   0.715881   0.770071
      0.72   0.827468   0.724182   0.772387
      0.73    0.81249   0.734933   0.771768
      0.74   0.804004   0.742448   0.772001
      0.75    0.79282   0.755824    0.77388
      0.76   0.784569   0.764933   0.774627
      0.77   0.769083   0.775225   0.772142
      0.78   0.758408   0.780245   0.769171
      0.79   0.746285   0.791848   0.768391
       0.8   0.738112   0.802042    0.76875
      0.81   0.720593   0.811085   0.763166
      0.82   0.709409     0.8186   0.760103
      0.83   0.699398   0.822781   0.756089
      0.84   0.684264   0.829647   0.749975
      0.85   0.670577   0.835882    0.74416
      0.86   0.661935   0.843531   0.741781
      0.87     0.6556   0.847231   0.739198
      0.88   0.647857   0.855035   0.737166
      0.89   0.643282   0.860222   0.736101
       0.9   0.635226   0.866128   0.732921
      0.91    0.62107   0.871369   0.725231
      0.92   0.612662   0.875748   0.720954
      0.93   0.606601   0.882631   0.719035
      0.94   0.601439   0.885609   0.716372
      0.95   0.595808   0.888175   0.713191
      0.96   0.589668   0.891497    0.70983
      0.97   0.579188   0.894508   0.703114
      0.98   0.572306   0.896427   0.698603
      0.99   0.566753    0.89918   0.695274
