         0          1   0.296598   0.457502
      0.01   0.971775    0.52934   0.685357
      0.02   0.971775    0.52934   0.685357
      0.03   0.971775    0.52934   0.685357
      0.04   0.971775    0.52934   0.685357
      0.05   0.971775    0.52934   0.685357
      0.06   0.971775    0.52934   0.685357
      0.07   0.971775    0.52934   0.685357
      0.08   0.971775    0.52934   0.685357
      0.09   0.971775    0.52934   0.685357
       0.1   0.971775    0.52934   0.685357
      0.11   0.971775    0.52934   0.685357
      0.12   0.971775    0.52934   0.685357
      0.13   0.971775   0.529374   0.685385
      0.14   0.971775   0.529408   0.685414
      0.15   0.971736   0.529348   0.685353
      0.16   0.971736   0.529517   0.685495
      0.17   0.971736   0.530024    0.68592
      0.18   0.971736   0.530431    0.68626
      0.19   0.971736   0.531458   0.687119
       0.2   0.971736   0.532392   0.687899
      0.21   0.971377   0.534456    0.68953
      0.22   0.971258    0.53682   0.691463
      0.23   0.971258   0.538933   0.693214
      0.24   0.970701   0.542663   0.696149
      0.25   0.970621   0.546293   0.699108
      0.26   0.970183   0.552058   0.703696
      0.27   0.969705   0.556568   0.707222
      0.28   0.968949   0.564924   0.713726
      0.29    0.96875   0.570139   0.717819
       0.3   0.967436   0.580472   0.725585
      0.31   0.966401   0.590414   0.733006
      0.32   0.965884   0.595957   0.737111
      0.33   0.964968   0.607746   0.745788
      0.34   0.963893   0.615162   0.751019
      0.35   0.962182   0.626391   0.758797
      0.36   0.960987    0.63463   0.764433
      0.37   0.957643   0.645995   0.771537
      0.38   0.953662   0.653218   0.775353
      0.39   0.947253   0.666161   0.782221
       0.4   0.944745   0.674219    0.78688
      0.41   0.936903   0.686727   0.792541
      0.42   0.934116   0.701019   0.800953
      0.43   0.928145   0.709709   0.804361
      0.44   0.920183   0.721513   0.808827
      0.45   0.912659   0.730649   0.811575
      0.46   0.904061   0.744457   0.816533
      0.47   0.894228    0.75345   0.817825
      0.48   0.883121   0.767497   0.821259
      0.49   0.876274   0.775329   0.822717
       0.5   0.866083   0.789967   0.826276
      0.51    0.85625   0.804462   0.829549
      0.52   0.851513   0.812407   0.831501
      0.53   0.842755   0.828006   0.835315
      0.54   0.836346   0.834167   0.835255
      0.55   0.826951   0.841109    0.83397
      0.56   0.815804   0.847415   0.831309
      0.57   0.805175   0.856797   0.830184
      0.58   0.798248   0.861238   0.828548
      0.59   0.782046   0.868256   0.822899
       0.6   0.770462   0.871219   0.817748
      0.61   0.755573   0.874653   0.810764
      0.62   0.739769   0.879576   0.803637
      0.63   0.724801   0.881406   0.795469
      0.64   0.709315   0.884259   0.787185
      0.65    0.69992   0.889474   0.783394
      0.66   0.685629   0.895719   0.776718
      0.67   0.678384   0.898177   0.772959
      0.68   0.664013   0.901515   0.764748
      0.69   0.653384   0.904434    0.75868
       0.7   0.641043   0.906144   0.750882
      0.71   0.631529   0.910765   0.745869
      0.72   0.623288   0.912099    0.74053
      0.73   0.613376   0.916583   0.734935
      0.74   0.599761   0.917776   0.725447
      0.75   0.589968   0.920979   0.719215
      0.76   0.585868   0.924475   0.717215
      0.77   0.578344   0.926331   0.712098
      0.78   0.574045   0.928228   0.709384
      0.79   0.563137   0.929331   0.701309
       0.8   0.558002   0.931141   0.697822
      0.81   0.548885   0.934817   0.691658
      0.82   0.542834   0.936378   0.687255
      0.83   0.539291   0.936751   0.684508
      0.84   0.530374   0.936143   0.677123
      0.85   0.524761    0.93533   0.672321
      0.86   0.519108   0.934404   0.667427
      0.87   0.515127   0.933881   0.663996
      0.88   0.505971    0.93305   0.656136
      0.89   0.499363   0.932789    0.65049
       0.9   0.488535   0.931818   0.641004
      0.91   0.478782   0.931298    0.63243
      0.92   0.470462   0.930088   0.624856
      0.93   0.463535   0.929592   0.618606
      0.94   0.458041    0.92957    0.61369
      0.95   0.451632   0.929282   0.607849
      0.96   0.444506   0.928009   0.601095
      0.97   0.431768   0.926206   0.588974
      0.98   0.417635   0.924629   0.575383
      0.99   0.403065   0.922841   0.561073
