         0          1   0.168956   0.289072
      0.01   0.949951   0.266621   0.416378
      0.02   0.949951   0.266621   0.416378
      0.03   0.949951   0.266621   0.416378
      0.04   0.949951   0.266621   0.416378
      0.05   0.949951   0.266621   0.416378
      0.06   0.949951   0.266621   0.416378
      0.07   0.949951   0.266621   0.416378
      0.08   0.949951   0.266621   0.416378
      0.09   0.949951   0.266621   0.416378
       0.1   0.949951   0.266621   0.416378
      0.11   0.949951   0.266621   0.416378
      0.12   0.949951   0.266639     0.4164
      0.13   0.949951   0.266676   0.416445
      0.14   0.949951   0.266767   0.416555
      0.15   0.949951   0.267003   0.416843
      0.16   0.949951   0.267276   0.417176
      0.17   0.949951   0.268044   0.418111
      0.18   0.949951   0.268666   0.418867
      0.19   0.949787    0.26965   0.420046
       0.2   0.949787   0.270755   0.421386
      0.21   0.949787   0.272366   0.423334
      0.22   0.949787   0.274928   0.426422
      0.23   0.949623   0.275945   0.427629
      0.24   0.947407    0.27831   0.430235
      0.25   0.946505   0.280426   0.432664
      0.26   0.944618   0.283145   0.435692
      0.27   0.942977   0.285479   0.438274
      0.28   0.941172   0.288774   0.441947
      0.29   0.940761   0.291007   0.444513
       0.3   0.940351    0.29453   0.448564
      0.31   0.939038   0.299235   0.453846
      0.32   0.937972   0.302869   0.457887
      0.33   0.937233   0.307356   0.462907
      0.34   0.935921   0.310978    0.46684
      0.35    0.93469   0.316206   0.472549
      0.36   0.932475    0.31937   0.475785
      0.37   0.929603   0.323795   0.480295
      0.38   0.928208   0.327218   0.483862
      0.39   0.925747   0.329785   0.486324
       0.4   0.923449   0.331513    0.48788
      0.41   0.917378   0.334934    0.49071
      0.42   0.910896   0.338632    0.49372
      0.43    0.90827   0.341369   0.496232
      0.44   0.905235    0.34562   0.500245
      0.45   0.903183   0.347944   0.502359
      0.46   0.899409   0.352221   0.506205
      0.47   0.896948   0.354228   0.507881
      0.48   0.889481    0.35583   0.508313
      0.49   0.887923   0.356508    0.50875
       0.5   0.883328   0.358934    0.51045
      0.51   0.865195   0.360532   0.508973
      0.52   0.857811   0.362462   0.509597
      0.53   0.847063   0.367565   0.512669
      0.54   0.845176   0.369983   0.514666
      0.55   0.840909   0.374049   0.517781
      0.56   0.837627   0.376801   0.519782
      0.57   0.826469   0.381633   0.522154
      0.58   0.825074   0.384993   0.525008
      0.59     0.8181   0.389846   0.528058
       0.6   0.816131   0.391161   0.528851
      0.61    0.81129   0.394686    0.53103
      0.62   0.802347   0.397837   0.531924
      0.63   0.797096   0.400204   0.532867
      0.64   0.791024   0.403638   0.534523
      0.65   0.789301    0.40616   0.536333
      0.66   0.785445   0.411602   0.540147
      0.67   0.779209   0.413728   0.540482
      0.68   0.769117   0.413961    0.53823
      0.69   0.763948   0.415987   0.538661
       0.7   0.758533   0.417815   0.538831
      0.71   0.749918   0.419594   0.538106
      0.72   0.747949   0.421098   0.538832
      0.73   0.740647   0.421252    0.53705
      0.74   0.735724    0.42152   0.535967
      0.75   0.724729   0.423322    0.53446
      0.76   0.714637   0.425373   0.533307
      0.77   0.707253   0.428286   0.533503
      0.78   0.700279   0.428571   0.531726
      0.79    0.68428   0.427968   0.526591
       0.8    0.67788   0.428687   0.525225
      0.81   0.670167   0.428692   0.522897
      0.82   0.648507   0.428655   0.516145
      0.83   0.643666   0.430117   0.515657
      0.84   0.625615   0.432254   0.511263
      0.85   0.614211   0.434994   0.509296
      0.86   0.600673   0.436548   0.505625
      0.87    0.57934    0.43513   0.496985
      0.88   0.557351   0.436159   0.489363
      0.89    0.55128   0.438596   0.488525
       0.9   0.542337   0.439565   0.485572
      0.91   0.527814   0.438111   0.478797
      0.92   0.518461   0.437761   0.474706
      0.93   0.508779   0.437798   0.470627
      0.94   0.500574   0.436915   0.466583
      0.95   0.486216   0.433919   0.458581
      0.96   0.480719   0.432892   0.455554
      0.97   0.464883    0.43083   0.447209
      0.98    0.45233    0.42378    0.43759
      0.99   0.435839   0.418406   0.426944
