         0          1   0.337394   0.504555
      0.01   0.905224   0.384335   0.539578
      0.02   0.905224   0.384335   0.539578
      0.03   0.905224   0.384335   0.539578
      0.04   0.905224   0.384335   0.539578
      0.05   0.905224   0.384335   0.539578
      0.06   0.905224   0.384335   0.539578
      0.07   0.905224   0.384335   0.539578
      0.08   0.905224   0.384335   0.539578
      0.09   0.905224   0.384335   0.539578
       0.1   0.905224   0.384335   0.539578
      0.11   0.905224   0.384335   0.539578
      0.12   0.905224   0.384335   0.539578
      0.13   0.905224   0.384335   0.539578
      0.14   0.905224   0.384335   0.539578
      0.15   0.905224    0.38441   0.539653
      0.16   0.905139   0.384426   0.539653
      0.17   0.904839   0.384452   0.539626
      0.18   0.904839    0.38457   0.539742
      0.19   0.904839   0.384775   0.539944
       0.2   0.904754      0.385    0.54015
      0.21   0.904754   0.385617   0.540757
      0.22   0.901373   0.386413   0.540931
      0.23   0.900732   0.387077   0.541467
      0.24   0.896752   0.388368   0.542003
      0.25   0.896453    0.38963   0.543176
      0.26   0.894356   0.392223   0.545302
      0.27   0.891318   0.394454   0.546884
      0.28   0.885071   0.397658   0.548761
      0.29   0.881905    0.40009   0.550456
       0.3   0.878182   0.405609   0.554917
      0.31   0.874631   0.411303   0.559497
      0.32   0.869625   0.415621   0.562436
      0.33   0.862308   0.424079   0.568548
      0.34   0.855505    0.43013   0.572446
      0.35   0.841427   0.437559   0.575728
      0.36   0.834966   0.443301   0.579129
      0.37   0.825125   0.454838    0.58642
      0.38   0.816011   0.460892   0.589071
      0.39   0.797142   0.470355   0.591622
       0.4   0.785717   0.475473   0.592437
      0.41   0.757178     0.4819    0.58896
      0.42   0.734671   0.491466   0.588949
      0.43   0.721492   0.497025   0.588584
      0.44   0.696205   0.509228   0.588215
      0.45   0.678961   0.514071   0.585121
      0.46   0.657011   0.525828   0.584145
      0.47   0.645116   0.534557   0.584655
      0.48   0.630354   0.545294   0.584747
      0.49   0.618716   0.554709   0.584966
       0.5   0.600488   0.569708   0.584693
      0.51   0.585683   0.583431   0.584555
      0.52   0.576954   0.597067   0.586839
      0.53    0.56031   0.608773   0.583537
      0.54   0.549484   0.617284   0.581414
      0.55   0.535535   0.629124    0.57857
      0.56   0.522785   0.636552   0.574086
      0.57   0.509649   0.648199   0.570634
      0.58   0.499636   0.655568   0.567078
      0.59   0.487271   0.664762   0.562344
       0.6   0.481109   0.669252   0.559795
      0.61   0.469984   0.674494   0.553967
      0.62   0.461854    0.68157   0.550602
      0.63   0.455308   0.686316    0.54744
      0.64   0.438064   0.688669   0.535497
      0.65   0.433914   0.694832   0.534216
      0.66   0.423687    0.70283   0.528674
      0.67    0.41744   0.710292   0.525842
      0.68   0.408498   0.721535   0.521658
      0.69   0.404005   0.724935   0.518854
       0.7   0.397416   0.737653   0.516541
      0.71   0.388131   0.747633   0.510985
      0.72   0.383124   0.752913   0.507834
      0.73   0.378717   0.766379   0.506928
      0.74   0.373369    0.77237   0.503394
      0.75   0.363913   0.781026    0.49649
      0.76   0.359719   0.783814   0.493126
      0.77   0.353772   0.793144   0.489298
      0.78   0.349835   0.800977   0.486978
      0.79    0.34162    0.80304   0.479329
       0.8   0.332421   0.807943   0.471037
      0.81   0.325489   0.815291    0.46524
      0.82   0.318472   0.831187   0.460501
      0.83   0.313465   0.837898   0.456245
      0.84   0.305892   0.847775   0.449571
      0.85   0.301613   0.851406   0.445431
      0.86    0.29451   0.856423   0.438297
      0.87    0.28698   0.862099   0.430614
      0.88   0.276197   0.869565   0.419234
      0.89   0.272817   0.875926    0.41605
       0.9   0.268581   0.879195   0.411465
      0.91   0.260237   0.884116   0.402113
      0.92     0.2566   0.889117   0.398261
      0.93   0.248513   0.898816    0.38937
      0.94   0.241881   0.903118   0.381567
      0.95    0.23649   0.909624   0.375385
      0.96   0.229772    0.91769   0.367523
      0.97   0.221856   0.921087   0.357583
      0.98   0.215823    0.92517   0.349999
      0.99   0.209276   0.936416   0.342098
