         0          1   0.223995   0.366006
      0.01   0.951248   0.270877   0.421677
      0.02   0.951248   0.270877   0.421677
      0.03   0.951248   0.270877   0.421677
      0.04   0.951248   0.270877   0.421677
      0.05   0.951248   0.270877   0.421677
      0.06   0.951248   0.270877   0.421677
      0.07   0.951248   0.270877   0.421677
      0.08   0.951248   0.270877   0.421677
      0.09   0.951248   0.270877   0.421677
       0.1   0.951248   0.270877   0.421677
      0.11   0.951248   0.270877   0.421677
      0.12   0.951248   0.270877   0.421677
      0.13   0.951248   0.270877   0.421677
      0.14   0.951248   0.270877   0.421677
      0.15   0.951248   0.270877   0.421677
      0.16   0.951248   0.270877   0.421677
      0.17   0.951248   0.270889   0.421692
      0.18   0.951248   0.270913   0.421721
      0.19   0.951248   0.270961   0.421779
       0.2   0.951248   0.270997   0.421823
      0.21   0.951248   0.271069    0.42191
      0.22   0.951248   0.271214   0.422085
      0.23   0.951248   0.271278   0.422162
      0.24   0.951248   0.271554   0.422497
      0.25   0.951183   0.271803   0.422792
      0.26   0.951054   0.272373   0.423469
      0.27   0.950861   0.273152   0.424391
      0.28   0.950345   0.274595   0.426078
      0.29   0.950345   0.275511   0.427179
       0.3   0.948475    0.27776   0.429687
      0.31   0.947637   0.279677    0.43189
      0.32   0.947056   0.282111   0.434725
      0.33   0.946347   0.285707   0.438906
      0.34   0.945508   0.288647   0.442275
      0.35   0.944541   0.293175   0.447463
      0.36   0.943832   0.296179   0.450873
      0.37   0.941317   0.301411   0.456613
      0.38    0.93964   0.305018   0.460539
      0.39   0.935513   0.309996   0.465681
       0.4   0.933127   0.313405   0.469216
      0.41   0.930354   0.321202   0.477537
      0.42   0.928033   0.327222   0.483843
      0.43   0.926872   0.332866   0.489823
      0.44   0.923196   0.339959   0.496928
      0.45   0.920616   0.345457   0.502393
      0.46    0.91391   0.352784   0.509062
      0.47   0.906687   0.356854    0.51214
      0.48   0.891404   0.364124   0.517044
      0.49   0.882247    0.36815   0.519514
       0.5   0.867995   0.374784   0.523521
      0.51   0.858516    0.38432   0.530955
      0.52   0.844199    0.38862   0.532231
      0.53   0.834397   0.397555   0.538525
      0.54   0.827691    0.40407   0.543036
      0.55   0.816663   0.412635   0.548254
      0.56    0.81086   0.419347   0.552804
      0.57   0.796479   0.426961   0.555917
      0.58   0.788031   0.432935   0.558846
      0.59   0.777326   0.443474   0.564751
       0.6   0.771007   0.448459   0.567076
      0.61   0.754885   0.457732     0.5699
      0.62   0.743277   0.466148   0.572962
      0.63    0.73786   0.472604   0.576168
      0.64    0.72535   0.482079   0.579207
      0.65   0.714258   0.487225   0.579292
      0.66   0.694719   0.498012   0.580145
      0.67   0.684981   0.502735   0.579876
      0.68   0.674405    0.51281    0.58261
      0.69   0.660025   0.519408   0.581334
       0.7   0.648417   0.528362   0.582265
      0.71   0.639453   0.541498   0.586413
      0.72   0.625975   0.547361   0.584034
      0.73   0.615335   0.555212   0.583729
      0.74   0.610885   0.561352   0.585072
      0.75   0.598633   0.568303   0.583074
      0.76   0.581737   0.573508   0.577593
      0.77   0.569807   0.586101   0.577839
      0.78   0.563487   0.592084   0.577432
      0.79   0.553621   0.604997    0.57817
       0.8    0.54872   0.610548   0.577985
      0.81   0.537757   0.622502   0.577035
      0.82   0.525892   0.635587   0.575559
      0.83   0.517895   0.641365   0.573055
      0.84    0.50661   0.643526   0.566919
      0.85   0.491069   0.651287   0.559942
      0.86   0.478107   0.662747   0.555485
      0.87   0.474044     0.6678   0.554483
      0.88   0.464951   0.675689   0.550853
      0.89   0.457406   0.681529   0.547416
       0.9   0.446315    0.68557   0.540656
      0.91   0.436448   0.694743   0.536106
      0.92   0.431547        0.7   0.533929
      0.93   0.424002   0.708279   0.530455
      0.94   0.413362   0.713415   0.523437
      0.95   0.406655   0.715297   0.518523
      0.96   0.397562   0.719467   0.512132
      0.97   0.381376   0.724003   0.499589
      0.98   0.372348   0.727051    0.49248
      0.99    0.35455   0.731561   0.477621
