         0          1   0.193017   0.323578
      0.01   0.928645   0.257515   0.403217
      0.02   0.928645   0.257515   0.403217
      0.03   0.928645   0.257515   0.403217
      0.04   0.928645   0.257515   0.403217
      0.05   0.928645   0.257515   0.403217
      0.06   0.928645   0.257515   0.403217
      0.07   0.928645   0.257515   0.403217
      0.08   0.928645   0.257515   0.403217
      0.09   0.928645   0.257515   0.403217
       0.1   0.928645   0.257515   0.403217
      0.11   0.928645   0.257535   0.403242
      0.12   0.928645   0.257535   0.403242
      0.13   0.928645   0.257555   0.403266
      0.14   0.928645   0.257634   0.403363
      0.15   0.928645   0.257833   0.403607
      0.16   0.928645   0.258232   0.404095
      0.17   0.928645   0.259075   0.405127
      0.18   0.928645   0.260108   0.406388
      0.19   0.928645   0.262223   0.408966
       0.2   0.928342   0.263687   0.410714
      0.21   0.928342   0.266672   0.414326
      0.22   0.927735   0.271299   0.419827
      0.23   0.927674   0.274956   0.424187
      0.24   0.921667   0.280144   0.429684
      0.25   0.919119    0.28318   0.432965
      0.26   0.913901   0.288861   0.438973
      0.27   0.909957   0.293115   0.443401
      0.28   0.904132   0.298637   0.448976
      0.29   0.896608   0.303571   0.453573
       0.3   0.885929   0.308593   0.457742
      0.31   0.874765   0.315073   0.463281
      0.32   0.868394   0.320216   0.467897
      0.33   0.851829   0.325734   0.471261
      0.34   0.843577   0.329182   0.473568
      0.35   0.827741   0.336706   0.478691
      0.36    0.81512   0.340922   0.480765
      0.37   0.802621   0.347864   0.485366
      0.38   0.792974   0.351765   0.487343
      0.39   0.782052   0.361798   0.494723
       0.4   0.774832   0.368114   0.499108
      0.41   0.762818   0.379031   0.506427
      0.42   0.755476   0.390426   0.514804
      0.43   0.744676   0.397945   0.518703
      0.44   0.737031   0.409712   0.526658
      0.45   0.727626   0.414568   0.528194
      0.46   0.720102   0.422967   0.532915
      0.47   0.713124   0.427497   0.534548
      0.48   0.705661   0.436989   0.539738
      0.49   0.700504   0.444194   0.543654
       0.5   0.692858   0.455459   0.549619
      0.51   0.680723   0.464504   0.552202
      0.52   0.668103    0.46961   0.551541
      0.53   0.651538   0.484323   0.555622
      0.54   0.646987     0.4903    0.55785
      0.55   0.636673   0.503322   0.562198
      0.56   0.624962   0.511234   0.562406
      0.57    0.60955   0.519062   0.560678
      0.58   0.595292   0.520061   0.555139
      0.59   0.579941   0.529647   0.553654
       0.6   0.569565   0.531393   0.549817
      0.61   0.561616   0.541703    0.55148
      0.62   0.548328   0.547759   0.548044
      0.63   0.543656    0.55338   0.548475
      0.64    0.53498   0.563851   0.549036
      0.65   0.525575   0.569409   0.546615
      0.66   0.517323   0.581224   0.547415
      0.67   0.511195   0.593202   0.549154
      0.68   0.506341   0.605473   0.551487
      0.69   0.503125   0.613994   0.553058
       0.7   0.501851   0.626803    0.55741
      0.71   0.490262   0.643887    0.55667
      0.72   0.488077   0.649584   0.557366
      0.73   0.483041   0.657181   0.556813
      0.74   0.475942   0.662153   0.553814
      0.75   0.472787   0.672234    0.55514
      0.76    0.47127    0.67946   0.556532
      0.77   0.468358   0.687225   0.557064
      0.78   0.464414    0.68839   0.554644
      0.79   0.454705   0.699454   0.551129
       0.8   0.449002   0.700318   0.547183
      0.81   0.443238   0.709571   0.545639
      0.82   0.432437   0.716837   0.539448
      0.83   0.428008   0.728147   0.539119
      0.84   0.418239   0.741144   0.534725
      0.85   0.411747   0.744424   0.530223
      0.86   0.400947    0.74928   0.522369
      0.87    0.39852   0.756385   0.522007
      0.88   0.390328   0.763581   0.516587
      0.89   0.379771   0.764826    0.50753
       0.9   0.375645   0.786553   0.508458
      0.91   0.373036    0.83105   0.514932
      0.92   0.367939   0.839953    0.51172
      0.93   0.356956   0.846618   0.502181
      0.94   0.350889   0.849938   0.496714
      0.95   0.342394   0.851945   0.488473
      0.96   0.339846   0.852417   0.485951
      0.97   0.331109   0.848366   0.476316
      0.98    0.32316   0.845745   0.467636
      0.99   0.315333   0.845013   0.459278
