         0          1   0.282356    0.44037
      0.01   0.895439   0.345432   0.498542
      0.02   0.895439   0.345432   0.498542
      0.03   0.895439   0.345432   0.498542
      0.04   0.895439   0.345432   0.498542
      0.05   0.895439   0.345432   0.498542
      0.06   0.895439   0.345432   0.498542
      0.07   0.895439   0.345432   0.498542
      0.08   0.895439   0.345432   0.498542
      0.09   0.895439   0.345432   0.498542
       0.1   0.895439   0.345432   0.498542
      0.11   0.895439   0.345432   0.498542
      0.12   0.895439   0.345432   0.498542
      0.13   0.895439   0.345432   0.498542
      0.14   0.895439   0.345432   0.498542
      0.15   0.895439   0.345448   0.498559
      0.16   0.895439   0.345448   0.498559
      0.17   0.895439   0.345448   0.498559
      0.18   0.895439   0.345464   0.498575
      0.19   0.895439   0.345545    0.49866
       0.2   0.895439   0.345676   0.498796
      0.21   0.895439   0.345936   0.499066
      0.22   0.895439   0.346327   0.499474
      0.23   0.895439   0.346689    0.49985
      0.24   0.895439   0.347633   0.500831
      0.25   0.895383   0.348273   0.501485
      0.26   0.895383   0.349698   0.502961
      0.27    0.89482    0.35061   0.503814
      0.28   0.893131   0.352091   0.505072
      0.29   0.893131   0.353232   0.506245
       0.3   0.893018   0.355388   0.508437
      0.31   0.892005   0.357844    0.51078
      0.32   0.892005   0.359778   0.512746
      0.33   0.891723   0.361977   0.514929
      0.34   0.890709   0.363805   0.516606
      0.35   0.887556     0.3665   0.518779
      0.36   0.886768   0.367951   0.520096
      0.37    0.87866   0.370012   0.520737
      0.38   0.875619   0.372145   0.522306
      0.39   0.871622   0.374929    0.52432
       0.4   0.865372   0.377353    0.52554
      0.41   0.859122   0.379715   0.526657
      0.42   0.850957   0.382384    0.52766
      0.43   0.844088   0.383638   0.527519
      0.44   0.835473   0.385604   0.527668
      0.45    0.82759   0.386371   0.526799
      0.46    0.81768   0.387312   0.525642
      0.47   0.806194   0.388078   0.523944
      0.48   0.792455    0.38763   0.520605
      0.49   0.785923   0.386999   0.518622
       0.5   0.773311   0.386441    0.51535
      0.51   0.760248   0.386725   0.512666
      0.52   0.751014   0.386152    0.51005
      0.53   0.731926    0.38402   0.503741
      0.54   0.721734   0.382913   0.500362
      0.55   0.704223   0.380243   0.493839
      0.56   0.686149   0.378344   0.487745
      0.57   0.663682   0.375504   0.479636
      0.58       0.65   0.374716   0.475381
      0.59   0.631532   0.372248   0.468402
       0.6   0.609628   0.369532   0.460143
      0.61   0.589189   0.366705   0.452056
      0.62   0.564977   0.361543   0.440926
      0.63    0.54955   0.359821   0.434893
      0.64   0.528773    0.35586   0.425417
      0.65   0.517736   0.355617    0.42163
      0.66   0.500169   0.354745   0.415088
      0.67   0.487725   0.353914   0.410182
      0.68   0.473818   0.353301   0.404779
      0.69   0.464527   0.352679   0.400949
       0.7    0.45045   0.353458   0.396103
      0.71   0.436824   0.350558   0.388966
      0.72   0.424662    0.35062   0.384106
      0.73   0.412894   0.350508   0.379152
      0.74   0.406644   0.350309    0.37638
      0.75   0.393581   0.350805   0.370964
      0.76   0.385811   0.351105   0.367641
      0.77   0.376464   0.350053   0.362778
      0.78   0.372579   0.349956   0.360913
      0.79   0.359234   0.350503   0.354815
       0.8   0.354786    0.35118   0.352974
      0.81   0.341836   0.354437   0.348022
      0.82   0.332095   0.354121   0.342754
      0.83    0.32545   0.354553   0.339379
      0.84   0.315878   0.358788   0.335969
      0.85   0.308671   0.362547   0.333447
      0.86   0.295777   0.368527   0.328168
      0.87   0.291779   0.370229   0.326356
      0.88   0.285529   0.375367   0.324342
      0.89   0.279167    0.37395    0.31968
       0.9   0.268919   0.376623   0.313786
      0.91   0.261768   0.379769   0.309916
      0.92   0.254448   0.378546   0.304333
      0.93    0.24741   0.381019   0.300011
      0.94   0.243131    0.37911   0.296262
      0.95   0.233164   0.384377   0.290257
      0.96   0.226802   0.382321   0.284708
      0.97   0.220327   0.385689   0.280447
      0.98   0.211543   0.386707   0.273481
      0.99   0.201014   0.387013   0.264596
