         0          1   0.230724    0.37494
      0.01   0.822559   0.203225   0.325926
      0.02   0.822559   0.203225   0.325926
      0.03   0.822559   0.203225   0.325926
      0.04   0.822559   0.203225   0.325926
      0.05   0.822559   0.203225   0.325926
      0.06   0.822559   0.203225   0.325926
      0.07   0.822559   0.203225   0.325926
      0.08   0.822559   0.203225   0.325926
      0.09   0.822559   0.203225   0.325926
       0.1   0.822559   0.203225   0.325926
      0.11   0.822559   0.203225   0.325926
      0.12   0.822559   0.203225   0.325926
      0.13   0.822559   0.203225   0.325926
      0.14   0.822559   0.203233   0.325935
      0.15   0.822559   0.203255   0.325964
      0.16   0.822559   0.203277   0.325993
      0.17   0.822559   0.203168   0.325853
      0.18   0.822559   0.203199   0.325891
      0.19    0.82222    0.20315   0.325803
       0.2   0.821882   0.203263   0.325922
      0.21   0.821797   0.203603   0.326352
      0.22   0.820697   0.203682   0.326366
      0.23   0.818751    0.20382   0.326389
      0.24   0.814943   0.204562   0.327035
      0.25   0.813589   0.205264    0.32782
      0.26   0.810205    0.20661   0.329256
      0.27   0.806735   0.207502   0.330098
      0.28   0.802166   0.208393   0.330838
      0.29   0.799374   0.209412   0.331881
       0.3   0.787528   0.212259   0.334391
      0.31   0.781266   0.215556   0.337887
      0.32   0.772635   0.217486   0.339427
      0.33   0.768066   0.220172   0.342238
      0.34   0.765527   0.221743   0.343878
      0.35   0.760958    0.22399   0.346104
      0.36   0.751312   0.225896   0.347354
      0.37   0.738365   0.228745   0.349282
      0.38   0.734727   0.230817   0.351279
      0.39   0.719919   0.234158   0.353378
       0.4   0.714842   0.236087   0.354947
      0.41   0.703249   0.238528    0.35623
      0.42   0.690641   0.239733   0.355921
      0.43    0.68768   0.241957   0.357966
      0.44   0.671095   0.245409   0.359394
      0.45   0.665087   0.247316   0.360557
      0.46   0.648672   0.249065   0.359931
      0.47   0.635048    0.25034   0.359114
      0.48   0.622779    0.25277   0.359591
      0.49   0.614317    0.25364    0.35904
       0.5   0.603317   0.255014   0.358496
      0.51   0.594432   0.258383   0.360198
      0.52    0.57937   0.259137   0.358103
      0.53   0.563039   0.262289   0.357867
      0.54   0.553224   0.263525   0.356997
      0.55   0.538839   0.264523   0.354847
      0.56   0.530293   0.264449   0.352908
      0.57   0.514554   0.266481   0.351121
      0.58   0.500846   0.269321   0.350283
      0.59   0.485954   0.272397   0.349106
       0.6   0.472076   0.273191   0.346096
      0.61   0.459807   0.275796   0.344786
      0.62   0.440176   0.280423   0.342592
      0.63   0.432222   0.283204   0.342194
      0.64   0.415976   0.284226   0.337706
      0.65   0.409714   0.286157   0.336966
      0.66   0.395414   0.286583   0.332315
      0.67   0.383652   0.287639   0.328779
      0.68   0.366729   0.290486   0.324185
      0.69   0.356659   0.291761   0.320962
       0.7   0.339482   0.293341    0.31473
      0.71   0.329244   0.298044   0.312868
      0.72   0.315451   0.298316   0.306644
      0.73   0.300135   0.300872   0.300503
      0.74   0.294043   0.304422   0.299143
      0.75   0.288374   0.312959   0.300164
      0.76   0.284481    0.31706   0.299888
      0.77   0.272973   0.322562   0.295703
      0.78   0.266796   0.324218   0.292718
      0.79   0.258419   0.330851   0.290184
       0.8   0.251396   0.335469    0.28741
      0.81   0.243865   0.340188   0.284084
      0.82   0.234727   0.348142     0.2804
      0.83   0.230157    0.35502   0.279267
      0.84   0.217973    0.35913   0.271288
      0.85   0.214842   0.364217   0.270263
      0.86   0.206549   0.369436   0.264961
      0.87   0.202995   0.376744   0.263833
      0.88   0.195295   0.382778   0.258634
      0.89   0.190218   0.387229   0.255116
       0.9    0.18108   0.387587   0.246838
      0.91   0.167203   0.391513    0.23433
      0.92   0.161618   0.400289   0.230265
      0.93   0.152649   0.413417   0.222969
      0.94   0.141564   0.418242    0.21153
      0.95   0.129294   0.423488   0.198105
      0.96   0.123117   0.425651   0.190991
      0.97    0.12024      0.433   0.188215
      0.98   0.114317   0.437827   0.181297
      0.99   0.109832   0.433815   0.175286
