         0          1   0.150167   0.261123
      0.01    0.86735   0.162343   0.273495
      0.02    0.86735   0.162343   0.273495
      0.03    0.86735   0.162343   0.273495
      0.04    0.86735   0.162343   0.273495
      0.05    0.86735   0.162343   0.273495
      0.06    0.86735   0.162343   0.273495
      0.07    0.86735   0.162343   0.273495
      0.08    0.86735   0.162343   0.273495
      0.09    0.86735   0.162343   0.273495
       0.1    0.86735   0.162343   0.273495
      0.11    0.86735   0.162343   0.273495
      0.12    0.86735   0.162343   0.273495
      0.13    0.86735   0.162343   0.273495
      0.14    0.86735   0.162343   0.273495
      0.15    0.86735   0.162343   0.273495
      0.16    0.86735   0.162375   0.273541
      0.17    0.86735   0.162399   0.273575
      0.18    0.86735   0.162463   0.273666
      0.19    0.86735   0.162745   0.274065
       0.2    0.86735   0.163035   0.274477
      0.21   0.867255   0.163439   0.275045
      0.22    0.86716   0.164133   0.276021
      0.23    0.86697   0.164709   0.276826
      0.24   0.866781   0.165683   0.278191
      0.25   0.866116    0.16618   0.278857
      0.26   0.864408   0.167461   0.280568
      0.27   0.861752   0.168053   0.281257
      0.28   0.860518    0.16901    0.28253
      0.29   0.859474    0.16967   0.283395
       0.3   0.855299   0.170855   0.284815
      0.31   0.853971   0.173563   0.288493
      0.32   0.850555   0.174286   0.289294
      0.33    0.84676   0.176031   0.291469
      0.34   0.844293   0.177704    0.29361
      0.35   0.837176   0.179788   0.296008
      0.36   0.834899   0.180345   0.296619
      0.37   0.822184   0.181943   0.297951
      0.38   0.815353   0.183506   0.299587
      0.39   0.807762   0.185012   0.301066
       0.4   0.799412   0.186206   0.302055
      0.41   0.784325   0.188729   0.304248
      0.42   0.778157   0.190186   0.305666
      0.43   0.773413   0.191101   0.306475
      0.44   0.769333   0.192566   0.308031
      0.45   0.760414   0.193382   0.308348
      0.46   0.747889   0.194964   0.309298
      0.47   0.737262   0.195185   0.308655
      0.48   0.724452   0.195862   0.308357
      0.49   0.714869   0.196526   0.308297
       0.5   0.693424   0.195315   0.304782
      0.51   0.675017   0.195967   0.303751
      0.52   0.664105   0.197445   0.304392
      0.53   0.647215   0.198504   0.303823
      0.54   0.632792   0.198087   0.301723
      0.55    0.60148    0.19915   0.299226
      0.56   0.590853   0.198676   0.297363
      0.57   0.574628   0.199348   0.296006
      0.58   0.564475   0.199678   0.295001
      0.59   0.554132   0.203488   0.297666
       0.6   0.545308   0.203712   0.296616
      0.61   0.531455   0.205807   0.296711
      0.62   0.518645   0.207583   0.296496
      0.63   0.507543   0.209238   0.296317
      0.64   0.495019   0.211388   0.296262
      0.65    0.47718   0.212927    0.29446
      0.66   0.469874   0.214036   0.294103
      0.67   0.452225   0.213774   0.290312
      0.68   0.438372   0.214243   0.287821
      0.69   0.428978   0.212497    0.28421
       0.7   0.415694   0.213752   0.282329
      0.71   0.405636   0.214254   0.280402
      0.72   0.403169   0.215283   0.280686
      0.73   0.387134   0.217034   0.278138
      0.74   0.379163   0.216904   0.275948
      0.75   0.366543   0.217357   0.272892
      0.76    0.35715    0.21849   0.271119
      0.77   0.348989   0.218812   0.268978
      0.78   0.342063   0.220221   0.267941
      0.79   0.330582   0.216944    0.26197
       0.8   0.321473   0.216402   0.258675
      0.81   0.310561   0.215145   0.254194
      0.82   0.296043   0.214578   0.248812
      0.83    0.28646   0.212803   0.244198
      0.84   0.277066   0.210102   0.238982
      0.85   0.271468   0.209726   0.236636
      0.86   0.256191   0.201594   0.225637
      0.87   0.248126   0.200739   0.221931
      0.88   0.233039   0.194933    0.21229
      0.89   0.231331   0.196303   0.212382
       0.9    0.22393   0.191089    0.20621
      0.91   0.214157   0.184414   0.198176
      0.92   0.212259   0.183643   0.196917
      0.93   0.206756   0.179958   0.192428
      0.94   0.201822   0.175068   0.187495
      0.95   0.182086   0.166951    0.17419
      0.96   0.172977   0.166177   0.169509
      0.97   0.165955    0.16309    0.16451
      0.98   0.162444   0.164766   0.163597
      0.99   0.154664   0.159363   0.156978
