         0          1   0.253826   0.404882
      0.01   0.934668   0.327958   0.485546
      0.02   0.934668   0.327958   0.485546
      0.03   0.934668   0.327958   0.485546
      0.04   0.934668   0.327958   0.485546
      0.05   0.934668   0.327958   0.485546
      0.06   0.934668   0.327958   0.485546
      0.07   0.934668   0.327958   0.485546
      0.08   0.934668   0.327958   0.485546
      0.09   0.934668   0.327958   0.485546
       0.1   0.934668   0.327958   0.485546
      0.11   0.934668   0.327958   0.485546
      0.12   0.934668   0.327958   0.485546
      0.13   0.934668   0.327958   0.485546
      0.14   0.934668   0.328007   0.485601
      0.15   0.934668   0.328189   0.485799
      0.16   0.934668    0.32837   0.485998
      0.17   0.934668   0.328701    0.48636
      0.18   0.934668   0.329231   0.486941
      0.19   0.934668   0.330113   0.487904
       0.2   0.934614   0.330999   0.488864
      0.21   0.934395   0.332449   0.490413
      0.22   0.933465   0.334088   0.492065
      0.23   0.933246   0.335024    0.49305
      0.24   0.932589   0.336789   0.494865
      0.25   0.931221   0.337811   0.495775
      0.26   0.930072   0.340256   0.498238
      0.27   0.928485   0.341525   0.499367
      0.28   0.926899   0.344015   0.501792
      0.29   0.925312   0.346171   0.503847
       0.3   0.921208   0.349035   0.506255
      0.31    0.91497   0.353247   0.509709
      0.32   0.908733   0.355601   0.511172
      0.33   0.900252   0.360321   0.514654
      0.34    0.89385   0.363606   0.516931
      0.35    0.88121   0.367784    0.51897
      0.36   0.874425    0.37245   0.522393
      0.37   0.858448   0.378403   0.525268
      0.38   0.853195   0.381319   0.527073
      0.39   0.840118   0.385911   0.528879
       0.4   0.827096   0.389867   0.529938
      0.41   0.815441   0.395345   0.532514
      0.42   0.795141   0.398697   0.531094
      0.43   0.779766   0.399288   0.528137
      0.44    0.75673   0.401432   0.524582
      0.45   0.744036   0.402988    0.52281
      0.46   0.723517   0.410023    0.52342
      0.47   0.707649   0.413308   0.521835
      0.48   0.685544   0.418787   0.519947
      0.49   0.669567   0.423714   0.518997
       0.5   0.647352   0.431034   0.517497
      0.51   0.622839   0.438421   0.514607
      0.52   0.610801   0.443931   0.514166
      0.53   0.591596   0.453119    0.51318
      0.54   0.583169   0.458422   0.513325
      0.55   0.557617   0.464695   0.506933
      0.56   0.543719   0.469594   0.503945
      0.57   0.522543   0.479236   0.499954
      0.58     0.5058    0.48899   0.497253
      0.59   0.489385   0.499319   0.494302
       0.6   0.479864   0.507595    0.49334
      0.61   0.466076   0.520383   0.491734
      0.62   0.450536   0.531333    0.48761
      0.63   0.440633   0.538515   0.484681
      0.64   0.427227   0.549736     0.4808
      0.65   0.418801   0.557087   0.478146
      0.66   0.397954   0.560034   0.465283
      0.67   0.393029   0.564758   0.463498
      0.68   0.374973   0.568311   0.451828
      0.69   0.364467   0.572274   0.445321
       0.7   0.356314   0.578726   0.441068
      0.71   0.344277   0.583893   0.433155
      0.72   0.332403   0.587033   0.424459
      0.73   0.314784    0.59176    0.41096
      0.74   0.305756   0.594364   0.403792
      0.75   0.292077   0.598338   0.392538
      0.76   0.287153   0.603288   0.389101
      0.77   0.279054    0.60597   0.382133
      0.78   0.273473   0.609266   0.377502
      0.79   0.259247   0.614251   0.364609
       0.8   0.253666   0.622034   0.360372
      0.81   0.245021   0.626799   0.352318
      0.82    0.23561   0.632479   0.343325
      0.83   0.228332   0.636634   0.336115
      0.84   0.222642   0.638075   0.330102
      0.85   0.218593   0.641612   0.326089
      0.86   0.204531   0.648428   0.310973
      0.87   0.202123   0.652695   0.308661
      0.88   0.198019    0.66582   0.305254
      0.89   0.194244   0.675963   0.301771
       0.9   0.186255    0.68254    0.29265
      0.91   0.169621   0.688291    0.27217
      0.92   0.165299   0.695364   0.267103
      0.93   0.160867   0.702128   0.261761
      0.94   0.157748   0.698905   0.257399
      0.95   0.151237   0.702544   0.248894
      0.96   0.141716   0.698574   0.235631
      0.97   0.138214   0.701525    0.23093
      0.98   0.133508   0.702517   0.224376
      0.99   0.126888   0.709756   0.215287
