         0          1   0.418411   0.589971
      0.01   0.973796   0.555362   0.707329
      0.02   0.973796   0.555362   0.707329
      0.03   0.973796   0.555362   0.707329
      0.04   0.973796   0.555362   0.707329
      0.05   0.973796   0.555362   0.707329
      0.06   0.973796   0.555362   0.707329
      0.07   0.973796   0.555362   0.707329
      0.08   0.973796   0.555362   0.707329
      0.09   0.973796   0.555362   0.707329
       0.1   0.973796   0.555362   0.707329
      0.11   0.973796   0.555362   0.707329
      0.12   0.973796   0.555362   0.707329
      0.13   0.973796   0.555362   0.707329
      0.14   0.973796   0.555362   0.707329
      0.15   0.973796   0.555362   0.707329
      0.16   0.973796   0.555362   0.707329
      0.17   0.973796   0.555362   0.707329
      0.18   0.973796   0.555362   0.707329
      0.19   0.973796   0.555362   0.707329
       0.2   0.973796   0.555362   0.707329
      0.21   0.973796   0.555362   0.707329
      0.22   0.973796   0.555419   0.707376
      0.23   0.973796   0.555419   0.707376
      0.24   0.973796   0.556166   0.707981
      0.25   0.973796   0.556566   0.708305
      0.26   0.973796   0.559457   0.710642
      0.27   0.973796    0.56076   0.711692
      0.28   0.973733   0.562253   0.712877
      0.29   0.973733   0.563308   0.713724
       0.3   0.973448   0.566633    0.71631
      0.31   0.973068    0.56953   0.718517
      0.32   0.973036   0.570654   0.719402
      0.33   0.972941   0.572974   0.721216
      0.34   0.972815   0.574046   0.722031
      0.35   0.972562   0.576106   0.723588
      0.36   0.971802   0.577815   0.724724
      0.37   0.971137   0.579875   0.726156
      0.38   0.970568   0.581749   0.727464
      0.39   0.969302   0.583582   0.728537
       0.4   0.968827   0.584501   0.729119
      0.41   0.966359   0.586561   0.730016
      0.42   0.964966   0.587778   0.730559
      0.43   0.962909   0.588913   0.730844
      0.44   0.962023   0.590701   0.731963
      0.45   0.959365   0.591275   0.731631
      0.46   0.956453   0.594045   0.732895
      0.47   0.954206   0.596016    0.73373
      0.48   0.950282   0.599922    0.73551
      0.49   0.946136   0.603187   0.736705
       0.5   0.940059   0.610006   0.739894
      0.51   0.931958   0.619679   0.744394
      0.52    0.92854   0.625568   0.747522
      0.53   0.921514   0.636404   0.752871
      0.54   0.914393   0.641505   0.754018
      0.55    0.90531   0.651355   0.757617
      0.56   0.899424   0.658781   0.760521
      0.57   0.888885   0.669396   0.763683
      0.58   0.883347   0.677081   0.766581
      0.59   0.871701   0.685249    0.76731
       0.6     0.8642    0.68991   0.767282
      0.61   0.850434   0.700778   0.768387
      0.62   0.841477   0.712677    0.77174
      0.63   0.831318   0.721142   0.772321
      0.64   0.820432   0.731507   0.773422
      0.65   0.811096   0.739497   0.773643
      0.66   0.802646   0.749688   0.775264
      0.67   0.788056   0.758392   0.772939
      0.68   0.769542   0.771283   0.770412
      0.69   0.761346   0.783794   0.772407
       0.7   0.750459   0.796395   0.772745
      0.71   0.735205   0.807868   0.769825
      0.72   0.730173   0.812858     0.7693
      0.73   0.720647   0.819695   0.766986
      0.74   0.717197   0.823821    0.76682
      0.75   0.709982    0.82813   0.764518
      0.76   0.703399   0.830837   0.761825
      0.77   0.694474   0.837115   0.759152
      0.78   0.682828    0.83811   0.752542
      0.79   0.669409   0.840846   0.745397
       0.8   0.663365   0.844819   0.743176
      0.81   0.655769   0.847564   0.739432
      0.82   0.646307    0.85198   0.735027
      0.83   0.640104   0.854612   0.731966
      0.84   0.632698   0.857753   0.728234
      0.85   0.625324   0.861068   0.724501
      0.86   0.615324   0.865398   0.719244
      0.87   0.610925   0.868302   0.717222
      0.88   0.600766   0.872955   0.711724
      0.89   0.591968   0.874767   0.706104
       0.9   0.585638   0.885271   0.704936
      0.91   0.577537   0.889671   0.700402
      0.92   0.571175   0.893042   0.696732
      0.93   0.564118   0.901509   0.693979
      0.94   0.557947   0.910227   0.691823
      0.95    0.55168   0.919351   0.689568
      0.96   0.538832   0.921892   0.680135
      0.97    0.53016    0.92267   0.673393
      0.98   0.527597   0.924155   0.671714
      0.99   0.521679   0.925333   0.667205
