         0          1   0.223412   0.365227
      0.01   0.963836   0.300399    0.45804
      0.02   0.963836   0.300399    0.45804
      0.03   0.963836   0.300399    0.45804
      0.04   0.963836   0.300399    0.45804
      0.05   0.963836   0.300399    0.45804
      0.06   0.963836   0.300399    0.45804
      0.07   0.963836   0.300399    0.45804
      0.08   0.963836   0.300399    0.45804
      0.09   0.963836   0.300399    0.45804
       0.1   0.963836   0.300399    0.45804
      0.11   0.963836   0.300399    0.45804
      0.12   0.963836   0.300399    0.45804
      0.13   0.963836   0.300399    0.45804
      0.14   0.963836   0.300399    0.45804
      0.15   0.963836   0.300399    0.45804
      0.16   0.963836   0.300399    0.45804
      0.17   0.963836   0.300399    0.45804
      0.18   0.963836   0.300399    0.45804
      0.19   0.963836   0.300412   0.458055
       0.2   0.963836   0.300463   0.458115
      0.21   0.963836   0.300541   0.458205
      0.22   0.963836   0.300734    0.45843
      0.23   0.963836   0.300954   0.458685
      0.24   0.963836   0.301408   0.459212
      0.25   0.963836   0.301699    0.45955
      0.26   0.963695   0.302472    0.46043
      0.27   0.963695   0.303185   0.461256
      0.28   0.963484   0.303834   0.461982
      0.29   0.963484   0.304765   0.463058
       0.3   0.962992   0.306507   0.465008
      0.31    0.96264   0.308374   0.467113
      0.32   0.962429   0.309948    0.46889
      0.33   0.962007   0.312216   0.471431
      0.34   0.961725   0.313989   0.473415
      0.35   0.960248   0.316218   0.475763
      0.36   0.958418   0.317351   0.476818
      0.37   0.956448   0.320667   0.480303
      0.38   0.953141   0.322872    0.48235
      0.39   0.949835   0.325704   0.485073
       0.4   0.947724   0.328175   0.487529
      0.41    0.94308     0.3322    0.49133
      0.42   0.936607   0.336337    0.49494
      0.43   0.933019   0.339565   0.497917
      0.44    0.92148     0.3451   0.502144
      0.45   0.914093   0.347892   0.503977
      0.46   0.902202   0.351655   0.506061
      0.47   0.894463   0.354557   0.507819
      0.48   0.884542   0.361724    0.51347
      0.49   0.873215   0.364881   0.514693
       0.5   0.856399   0.370297   0.517034
      0.51   0.833251     0.3762   0.518366
      0.52   0.822275    0.37827   0.518168
      0.53   0.808556   0.382854   0.519652
      0.54   0.794695   0.386307   0.519891
      0.55   0.774362    0.39292   0.521317
      0.56   0.755646   0.395591   0.519314
      0.57   0.738479   0.402668   0.521163
      0.58   0.726025   0.407912   0.522347
      0.59   0.698023   0.411021   0.517386
       0.6   0.680574   0.412967   0.514027
      0.61   0.656582   0.416655     0.5098
      0.62   0.630831   0.424546   0.507528
      0.63    0.60909   0.425371   0.500916
      0.64   0.578555   0.427555   0.491724
      0.65   0.560754   0.429428   0.486382
      0.66    0.51861   0.431128    0.47084
      0.67    0.50883   0.431445   0.466953
      0.68   0.483994   0.432816   0.456976
      0.69   0.471822   0.438531   0.454568
       0.7   0.439598   0.442196   0.440893
      0.71   0.415043   0.446809    0.43034
      0.72   0.406248   0.451177   0.427535
      0.73   0.387392   0.458787   0.420077
      0.74    0.37719   0.466143   0.416975
      0.75    0.35756    0.47313   0.407305
      0.76   0.343559   0.476226   0.399157
      0.77   0.328221   0.480268   0.389947
      0.78   0.314923   0.483146   0.381305
      0.79   0.301696   0.488403   0.372989
       0.8   0.291142   0.493862   0.366327
      0.81   0.280236   0.502304   0.359761
      0.82   0.267572   0.508578   0.350657
      0.83   0.252023    0.50927   0.337183
      0.84   0.243509   0.514089    0.33048
      0.85   0.235629   0.515212   0.323368
      0.86   0.224794   0.521893   0.314237
      0.87   0.217125   0.528316   0.307766
      0.88   0.199747   0.531097   0.290308
      0.89   0.190811   0.529207   0.280489
       0.9   0.181946   0.535885   0.271658
      0.91   0.167593   0.535639   0.255305
      0.92   0.162035   0.535991   0.248842
      0.93   0.149722   0.529341   0.233422
      0.94   0.144164   0.531131   0.226775
      0.95    0.13558   0.530137   0.215936
      0.96    0.13171   0.532468   0.211183
      0.97   0.125589   0.538705   0.203692
      0.98   0.118694   0.546218   0.195012
      0.99   0.115387   0.545133    0.19046
