         0          1   0.176689   0.300316
      0.01   0.895784   0.164345   0.277736
      0.02   0.895784   0.164345   0.277736
      0.03   0.895784   0.164345   0.277736
      0.04   0.895784   0.164345   0.277736
      0.05   0.895784   0.164345   0.277736
      0.06   0.895784   0.164345   0.277736
      0.07   0.895784   0.164345   0.277736
      0.08   0.895784   0.164345   0.277736
      0.09   0.895784   0.164345   0.277736
       0.1   0.895784   0.164345   0.277736
      0.11   0.895784   0.164345   0.277736
      0.12   0.895784   0.164345   0.277736
      0.13   0.895784   0.164345   0.277736
      0.14   0.895784   0.164345   0.277736
      0.15   0.895784   0.164352   0.277746
      0.16   0.895701   0.164294   0.277658
      0.17   0.895701   0.164337    0.27772
      0.18   0.895701    0.16438   0.277781
      0.19   0.895373   0.164473   0.277898
       0.2   0.895373   0.164514   0.277957
      0.21   0.893976   0.164612   0.278029
      0.22   0.892578   0.164559   0.277885
      0.23   0.892085    0.16475   0.278134
      0.24   0.891017   0.165219   0.278749
      0.25   0.889784   0.165531   0.279134
      0.26   0.888304   0.166243   0.280072
      0.27   0.887811   0.167577   0.281938
      0.28   0.883537   0.169102   0.283873
      0.29   0.881483   0.170412   0.285609
       0.3   0.876469   0.172146   0.287772
      0.31   0.868743   0.173974   0.289894
      0.32   0.862497   0.175327   0.291415
      0.33   0.856004   0.178653   0.295611
      0.34   0.852963   0.181693   0.299573
      0.35   0.841374   0.184957   0.303252
      0.36    0.82995   0.188078   0.306663
      0.37   0.821156   0.193059   0.312619
      0.38   0.817046   0.196371    0.31664
      0.39   0.808992   0.201724   0.322925
       0.4   0.807019   0.205949   0.328154
      0.41   0.796663    0.21216   0.335084
      0.42   0.787458   0.218996   0.342688
      0.43   0.779568   0.223685   0.347625
      0.44   0.767897   0.231203     0.3554
      0.45   0.756472   0.236571   0.360427
      0.46   0.746199   0.246059   0.370084
      0.47   0.735268   0.251016   0.374261
      0.48   0.718912   0.260495   0.382421
      0.49   0.707898   0.265057   0.385698
       0.5   0.699022   0.271241   0.390829
      0.51   0.676255   0.279269   0.395296
      0.52   0.664749   0.283847   0.397823
      0.53   0.651599   0.293286   0.404504
      0.54    0.64075   0.296728   0.405617
      0.55   0.628421    0.30495   0.410634
      0.56   0.612065   0.310264   0.411787
      0.57   0.600805   0.315628   0.413846
      0.58   0.587491   0.319679   0.414053
      0.59   0.575245   0.329198   0.418754
       0.6   0.565464   0.334302   0.420188
      0.61   0.534561    0.34328    0.41808
      0.62   0.517219   0.349303   0.416991
      0.63   0.505301   0.355385   0.417287
      0.64   0.486644    0.36351    0.41616
      0.65   0.476535   0.367081   0.414708
      0.66   0.457467   0.372107   0.410395
      0.67   0.444892   0.376347   0.407759
      0.68   0.425413   0.384823   0.404101
      0.69   0.420646   0.389278   0.404355
       0.7   0.405194   0.395918   0.400503
      0.71   0.390072   0.400628   0.395279
      0.72   0.385222   0.405856    0.39527
      0.73   0.370264   0.412247   0.390129
      0.74   0.363935   0.416704   0.388536
      0.75   0.355388   0.422096    0.38588
      0.76   0.345196   0.427586   0.381999
      0.77   0.322101   0.437698   0.371106
      0.78   0.318978   0.443045   0.370911
      0.79   0.312649   0.451912   0.369597
       0.8   0.306403   0.454709   0.366107
      0.81    0.29769   0.464172   0.362742
      0.82   0.283965   0.472372   0.354702
      0.83   0.271472    0.47398    0.34522
      0.84   0.260952   0.482963   0.338829
      0.85   0.257664   0.485474   0.336651
      0.86   0.248706   0.490763   0.330117
      0.87   0.244349   0.494186    0.32701
      0.88   0.237281   0.498697   0.321562
      0.89   0.234076   0.498662   0.318599
       0.9   0.226843   0.502321   0.312544
      0.91   0.220268   0.508197    0.30733
      0.92   0.212296   0.511928   0.300129
      0.93   0.206542    0.51749   0.295245
      0.94   0.203666   0.517857   0.292353
      0.95   0.198406   0.523862   0.287808
      0.96   0.193639   0.528802   0.283474
      0.97   0.189118    0.53697    0.27972
      0.98   0.183447   0.537983   0.273599
      0.99   0.171858   0.537859   0.260486
