         0          1   0.263807   0.417479
      0.01   0.966686   0.450378   0.614474
      0.02   0.966686   0.450378   0.614474
      0.03   0.966686   0.450378   0.614474
      0.04   0.966686   0.450378   0.614474
      0.05   0.966686   0.450378   0.614474
      0.06   0.966686   0.450378   0.614474
      0.07   0.966686   0.450378   0.614474
      0.08   0.966686   0.450378   0.614474
      0.09   0.966686   0.450378   0.614474
       0.1   0.966686   0.450408   0.614501
      0.11   0.966686   0.450556   0.614639
      0.12   0.966686   0.450882   0.614943
      0.13   0.966686   0.451477   0.615495
      0.14   0.966686   0.452342   0.616298
      0.15   0.966686   0.453732   0.617588
      0.16   0.966686   0.455041   0.618799
      0.17   0.966648     0.4573   0.620876
      0.18   0.966497   0.458831   0.622255
      0.19    0.96627   0.461393   0.624559
       0.2    0.96627   0.463446   0.626438
      0.21   0.966081    0.46711   0.629736
      0.22   0.965855   0.470124   0.632421
      0.23   0.965401   0.473225   0.635122
      0.24   0.963777   0.477239   0.638372
      0.25    0.96238   0.480746   0.641192
      0.26   0.961095   0.487108   0.646536
      0.27   0.960491   0.492029   0.650717
      0.28   0.959962   0.499052   0.656705
      0.29   0.959093   0.504949   0.661584
       0.3   0.957092   0.513449    0.66835
      0.31    0.95611   0.521718   0.675071
      0.32   0.954674   0.527701   0.679696
      0.33   0.952597    0.53425   0.684569
      0.34   0.951539   0.539348   0.688463
      0.35   0.947951   0.545865   0.692794
      0.36    0.94406   0.550831   0.695727
      0.37   0.937413   0.556229   0.698181
      0.38   0.935109   0.560912   0.701212
      0.39   0.930803   0.564546   0.702821
       0.4    0.92272   0.567204   0.702546
      0.41   0.914108   0.569588   0.701849
      0.42   0.901228   0.575397   0.702364
      0.43   0.891709   0.577262    0.70083
      0.44    0.87966   0.582416   0.700823
      0.45   0.869991   0.588472   0.702061
      0.46   0.854278   0.594053   0.700788
      0.47   0.846308   0.597041    0.70015
      0.48   0.833163    0.60191   0.698904
      0.49   0.823758   0.606389   0.698555
       0.5   0.808083   0.609413   0.694826
      0.51   0.790368    0.61274    0.69031
      0.52   0.778168   0.615561   0.687379
      0.53   0.756147   0.620672   0.681744
      0.54   0.735977   0.622416    0.67445
      0.55   0.712597   0.625958   0.666474
      0.56   0.700925   0.629515   0.663304
      0.57    0.67475   0.631025   0.652155
      0.58   0.657526    0.63407   0.645585
      0.59   0.640038   0.638973   0.639505
       0.6   0.622625   0.640374   0.631375
      0.61   0.606648   0.640745    0.62323
      0.62   0.588064   0.638775   0.612372
      0.63   0.573484   0.638951    0.60445
      0.64   0.551539   0.638188   0.591708
      0.65   0.534127   0.639036   0.581891
      0.66   0.515656   0.636539   0.569756
      0.67   0.507913   0.634347   0.564133
      0.68   0.480378   0.630337   0.545234
      0.69   0.457979   0.631742   0.531007
       0.7   0.425458   0.630392   0.508037
      0.71   0.392068   0.629706   0.483253
      0.72   0.370349   0.631095   0.466777
      0.73   0.340094   0.633938   0.442693
      0.74   0.328574   0.636052   0.433308
      0.75   0.314334   0.636691    0.42088
      0.76   0.303003   0.637074    0.41068
      0.77   0.282493    0.63955   0.391887
      0.78    0.27237   0.643238   0.382694
      0.79   0.250727   0.645755   0.361208
       0.8   0.241322    0.65139   0.352173
      0.81   0.232672   0.661077     0.3442
      0.82   0.224589   0.665782   0.335877
      0.83   0.221568   0.671764   0.333227
      0.84   0.203324   0.674112   0.312417
      0.85   0.198338   0.677267   0.306823
      0.86   0.192635    0.68312   0.300524
      0.87   0.188744   0.685128   0.295956
      0.88   0.184476   0.694981    0.29156
      0.89   0.181568    0.69697   0.288086
       0.9   0.174806   0.705761   0.280209
      0.91   0.169216   0.714689   0.273642
      0.92    0.16423   0.723234   0.267677
      0.93   0.158111   0.733535   0.260149
      0.94   0.157771   0.738829   0.260018
      0.95   0.155014   0.746185   0.256701
      0.96   0.154561   0.752653   0.256457
      0.97   0.151577   0.766156   0.253084
      0.98   0.151237   0.768831   0.252755
      0.99   0.148631   0.772444   0.249293
