         0          1   0.181029   0.306561
      0.01   0.785006   0.194347    0.31156
      0.02   0.785006   0.194347    0.31156
      0.03   0.785006   0.194347    0.31156
      0.04   0.785006   0.194347    0.31156
      0.05   0.785006   0.194347    0.31156
      0.06   0.785006   0.194347    0.31156
      0.07   0.785006   0.194347    0.31156
      0.08   0.785006   0.194347    0.31156
      0.09   0.785006   0.194347    0.31156
       0.1   0.785006   0.194347    0.31156
      0.11   0.785006   0.194347    0.31156
      0.12   0.785006   0.194356   0.311572
      0.13   0.785006   0.194374   0.311595
      0.14   0.785006   0.194384   0.311607
      0.15   0.785006   0.194393   0.311619
      0.16   0.785006   0.194393   0.311619
      0.17   0.785006   0.194447   0.311688
      0.18   0.785006   0.194465   0.311712
      0.19   0.785006   0.194538   0.311805
       0.2   0.785006   0.194638   0.311933
      0.21   0.785006   0.194937   0.312318
      0.22   0.785006   0.195337   0.312831
      0.23   0.784899   0.195516   0.313052
      0.24   0.784899   0.195945   0.313602
      0.25   0.784899   0.196369   0.314144
      0.26    0.78436   0.196862   0.314732
      0.27    0.78436   0.197505   0.315552
      0.28   0.784145   0.198523   0.316833
      0.29   0.784037   0.199407   0.317949
       0.3   0.779944   0.200789   0.319361
      0.31   0.778975   0.202517   0.321461
      0.32   0.775959   0.203453   0.322379
      0.33   0.764864   0.204896   0.323208
      0.34   0.762171   0.206087   0.324445
      0.35    0.75991   0.208646   0.327398
      0.36   0.755924   0.210203   0.328937
      0.37   0.749785   0.213733   0.332643
      0.38   0.744076   0.215641   0.334376
      0.39   0.734597   0.218441   0.336746
       0.4   0.725442   0.219782   0.337357
      0.41   0.712624   0.223038   0.339742
      0.42   0.703253   0.224416   0.340253
      0.43    0.69819   0.226816   0.342399
      0.44   0.686881   0.229273   0.343793
      0.45   0.683972   0.230869   0.345214
      0.46   0.673524     0.2357   0.349198
      0.47   0.669539   0.236764   0.349823
      0.48   0.659306   0.240314   0.352239
      0.49   0.653921   0.243944   0.355332
       0.5   0.647135   0.248129   0.358716
      0.51   0.633994   0.252229   0.360883
      0.52   0.628608   0.255625   0.363451
      0.53   0.615252   0.261672   0.367179
      0.54   0.608035   0.264809   0.368939
      0.55   0.604373   0.271561   0.374741
      0.56   0.600819    0.27476   0.377078
      0.57   0.586924   0.281614   0.380608
      0.58   0.580246   0.285915   0.383072
      0.59   0.572706   0.292841   0.387528
       0.6   0.566028   0.296208     0.3889
      0.61   0.558703   0.303558   0.393382
      0.62   0.547286   0.309719   0.395575
      0.63     0.5433   0.315548   0.399226
      0.64   0.533498    0.32238   0.401901
      0.65   0.520681   0.325774   0.400787
      0.66   0.515403   0.335436   0.406386
      0.67   0.504847   0.340498   0.406696
      0.68   0.498277   0.348504   0.410145
      0.69   0.493645   0.353275   0.411827
       0.7   0.491168   0.360925   0.416092
      0.71   0.485567   0.368022   0.418701
      0.72   0.482658   0.373944   0.421403
      0.73   0.473072   0.380965   0.422052
      0.74   0.469841   0.390355   0.426425
      0.75   0.464778   0.400721   0.430379
      0.76   0.461654   0.406338   0.432234
      0.77   0.459393   0.417965   0.437701
      0.78   0.457669   0.425913    0.44122
      0.79   0.452283   0.432176   0.442001
       0.8   0.449483    0.43845   0.443898
      0.81   0.442482   0.442285   0.442383
      0.82   0.433757   0.445516   0.439558
      0.83   0.430741    0.44974   0.440036
      0.84   0.423524   0.457389   0.439806
      0.85   0.418785   0.461611   0.439156
      0.86   0.414046   0.466143   0.438553
      0.87    0.40629   0.467474    0.43474
      0.88   0.402305   0.475053   0.435663
      0.89   0.400366   0.478642   0.436019
       0.9   0.398104   0.487986   0.438487
      0.91   0.389487   0.491892   0.434741
      0.92   0.387333   0.500938   0.436871
      0.93   0.384209   0.510111   0.438298
      0.94   0.380332   0.520492   0.439508
      0.95   0.370315   0.536888   0.438309
      0.96   0.365575   0.542014   0.436644
      0.97   0.352973   0.551613   0.430483
      0.98   0.348664   0.556485   0.428717
      0.99   0.338109    0.56338   0.422598
