         0          1   0.235879   0.381719
      0.01   0.953932   0.368471   0.531602
      0.02   0.953932   0.368471   0.531602
      0.03   0.953932   0.368471   0.531602
      0.04   0.953932   0.368471   0.531602
      0.05   0.953932   0.368471   0.531602
      0.06   0.953932   0.368471   0.531602
      0.07   0.953932   0.368471   0.531602
      0.08   0.953932   0.368471   0.531602
      0.09   0.953932   0.368471   0.531602
       0.1   0.953932   0.368496   0.531628
      0.11   0.953932    0.36872   0.531861
      0.12   0.953932   0.369044   0.532199
      0.13   0.953932   0.369469   0.532641
      0.14   0.953932   0.370197   0.533396
      0.15   0.953932   0.371828   0.535087
      0.16   0.953932   0.373723   0.537046
      0.17    0.95372   0.377855   0.541266
      0.18   0.953508   0.381223   0.544678
      0.19   0.953296   0.387572   0.551092
       0.2   0.951954   0.391574   0.554898
      0.21   0.950541   0.399534   0.562596
      0.22   0.949127   0.408135   0.570814
      0.23   0.946866   0.413933   0.576043
      0.24   0.942768   0.421874   0.582906
      0.25   0.939306   0.429564   0.589525
      0.26   0.934643   0.440112    0.59843
      0.27   0.929768   0.448328   0.604952
      0.28   0.918886   0.458656    0.61189
      0.29    0.90963   0.467018   0.617171
       0.3   0.900728   0.481246   0.627322
      0.31    0.88702   0.491941   0.632885
      0.32   0.878259   0.499207   0.636579
      0.33   0.856779    0.51147   0.640552
      0.34   0.845898   0.517891    0.64245
      0.35   0.826256   0.526515   0.643178
      0.36   0.813538   0.533779   0.644613
      0.37   0.796792   0.547561   0.649074
      0.38   0.788101    0.55442   0.650923
      0.39    0.76966   0.565598   0.652036
       0.4   0.763089   0.573661   0.654953
      0.41   0.740762   0.585869   0.654273
      0.42   0.730375   0.598398   0.657832
      0.43   0.719847   0.604483    0.65714
      0.44   0.700417   0.614027   0.654383
      0.45   0.688829   0.622485   0.653979
      0.46   0.678796   0.639441   0.658531
      0.47   0.672154   0.644407   0.657988
      0.48   0.659083   0.653164    0.65611
      0.49   0.650463   0.665131   0.657715
       0.5   0.633152    0.67863   0.655103
      0.51   0.623048   0.686664   0.653311
      0.52   0.616336   0.695776   0.653651
      0.53   0.607857   0.708427     0.6543
      0.54   0.602911   0.718858   0.655799
      0.55   0.595068   0.735342    0.65781
      0.56    0.58885   0.747155   0.658624
      0.57   0.577263   0.766995   0.658739
      0.58   0.564686   0.782284   0.655909
      0.59   0.557126        0.8    0.65683
       0.6    0.55437   0.808927   0.657883
      0.61   0.546598   0.830777   0.659372
      0.62   0.534586   0.840796   0.653605
      0.63   0.530912   0.846719   0.652618
      0.64   0.522009    0.85731   0.648905
      0.65   0.516004   0.860368   0.645106
      0.66   0.508655   0.869699   0.641892
      0.67   0.502791   0.872647   0.637992
      0.68   0.496644   0.876383   0.634001
      0.69   0.485692   0.880857    0.62614
       0.7   0.471631   0.884028   0.615103
      0.71   0.455663   0.890817   0.602924
      0.72   0.444358   0.894152   0.593681
      0.73   0.438564   0.900307   0.589814
      0.74   0.431075   0.908661   0.584743
      0.75   0.427189   0.918633   0.583182
      0.76   0.424786   0.922693   0.581749
      0.77   0.416943    0.92906   0.575579
      0.78   0.410231   0.930374   0.569397
      0.79   0.398431    0.93291   0.558385
       0.8   0.394828   0.935305    0.55526
      0.81   0.380485    0.93666   0.541148
      0.82   0.370451   0.938492   0.531216
      0.83   0.359358   0.941057   0.520106
      0.84   0.349325   0.943337   0.509849
      0.85   0.348053    0.94984   0.509433
      0.86   0.339221   0.951435   0.500129
      0.87   0.333781   0.952489   0.494333
      0.88   0.317247   0.951821   0.475881
      0.89   0.312655   0.953939   0.470954
       0.9   0.292871   0.957746   0.448572
      0.91   0.283332   0.956636   0.437182
      0.92   0.281707   0.957447   0.435329
      0.93   0.271533   0.958678     0.4232
      0.94   0.261994    0.95702   0.411371
      0.95   0.250618   0.958271   0.397324
      0.96   0.245178   0.957317   0.390376
      0.97   0.238183   0.961905   0.381821
      0.98   0.230764   0.962171   0.372249
      0.99   0.227302   0.966102   0.368017
