         0          1   0.265439    0.41952
      0.01   0.894764   0.332601    0.48494
      0.02   0.894764   0.332601    0.48494
      0.03   0.894764   0.332601    0.48494
      0.04   0.894764   0.332601    0.48494
      0.05   0.894764   0.332601    0.48494
      0.06   0.894764   0.332601    0.48494
      0.07   0.894764   0.332601    0.48494
      0.08   0.894764   0.332601    0.48494
      0.09   0.894764   0.332601    0.48494
       0.1   0.894764   0.332601    0.48494
      0.11   0.894764   0.332601    0.48494
      0.12   0.894764   0.332601    0.48494
      0.13   0.894764   0.332601    0.48494
      0.14   0.894764   0.332601    0.48494
      0.15   0.894764   0.332618   0.484959
      0.16   0.894764   0.332618   0.484959
      0.17   0.894764   0.332688   0.485033
      0.18   0.894764   0.332705   0.485051
      0.19   0.894764   0.332915   0.485274
       0.2   0.894764   0.333036   0.485403
      0.21   0.894764   0.333368   0.485755
      0.22   0.894764   0.333929    0.48635
      0.23   0.894764   0.334334   0.486779
      0.24   0.894764   0.335306   0.487809
      0.25   0.894764   0.335981   0.488524
      0.26   0.894325   0.337325   0.489876
      0.27   0.894325   0.338443   0.491054
      0.28   0.892288   0.340564   0.492973
      0.29   0.892248   0.341909   0.494374
       0.3    0.89105   0.344095    0.49647
      0.31   0.889692   0.347301   0.499584
      0.32   0.889692   0.349871   0.502238
      0.33   0.886817   0.352837   0.504821
      0.34   0.886337   0.355291    0.50725
      0.35   0.884101   0.359159   0.510806
      0.36   0.883422   0.362946    0.51451
      0.37   0.881385   0.367539   0.518756
      0.38   0.880546   0.371462   0.522504
      0.39    0.87831   0.376594   0.527158
       0.4   0.874316   0.379299   0.529074
      0.41   0.867766   0.385733   0.534066
      0.42    0.86545    0.39204   0.539632
      0.43   0.863852   0.396134   0.543183
      0.44   0.858221   0.401244   0.546829
      0.45   0.854787   0.405239   0.549819
      0.46   0.845441   0.412031   0.554044
      0.47   0.840609   0.417099    0.55755
      0.48   0.834898    0.42223   0.560832
      0.49   0.831024    0.42627   0.563497
       0.5   0.824274   0.432435   0.567267
      0.51   0.815288   0.438207    0.57003
      0.52   0.811055   0.444665   0.574408
      0.53   0.801989   0.452834   0.578835
      0.54   0.798315   0.457364   0.581551
      0.55    0.78857   0.463931   0.584178
      0.56   0.781501   0.470452   0.587336
      0.57   0.774352   0.478155   0.591231
      0.58   0.769799    0.48213   0.592914
      0.59   0.763249   0.488561   0.595767
       0.6   0.753505   0.493854   0.596655
      0.61   0.746995   0.502238   0.600639
      0.62   0.738927   0.509712   0.603281
      0.63    0.73106   0.515346   0.604536
      0.64   0.716323   0.520638   0.603002
      0.65    0.70502   0.525083   0.601891
      0.66   0.685571   0.533013   0.599742
      0.67   0.681657   0.539566   0.602345
      0.68   0.666999   0.547585   0.601422
      0.69    0.66053   0.554608   0.602952
       0.7   0.650505   0.560465   0.602138
      0.71   0.637885   0.568735   0.601328
      0.72   0.626383   0.573069   0.598541
      0.73    0.60877   0.576672   0.592287
      0.74   0.604377   0.580285   0.592086
      0.75   0.591397   0.585161   0.588263
      0.76   0.580255   0.588817   0.584504
      0.77    0.57051   0.591436   0.580784
      0.78   0.562842   0.594496   0.578236
      0.79   0.553896   0.598156   0.575176
       0.8   0.544031   0.598267   0.569861
      0.81    0.53189   0.603585   0.565474
      0.82   0.521626   0.610633   0.562631
      0.83   0.512441   0.611358   0.557546
      0.84   0.501378   0.615664   0.552675
      0.85   0.492751   0.617246   0.548017
      0.86   0.477455      0.621   0.539848
      0.87   0.463157   0.619911   0.530191
      0.88     0.4489   0.622162   0.521517
      0.89   0.440073   0.624654   0.516364
       0.9   0.424777     0.6235   0.505303
      0.91   0.406606   0.623917   0.492349
      0.92   0.389672   0.625559   0.480211
      0.93   0.378609   0.629234    0.47276
      0.94   0.373857   0.631328   0.469618
      0.95   0.362155   0.635495    0.46138
      0.96   0.349495   0.636694   0.451275
      0.97   0.343864   0.643516    0.44822
      0.98   0.337713   0.645775   0.443496
      0.99   0.323256   0.648936   0.431545
