         0          1    0.32957   0.495755
      0.01   0.940133   0.427962   0.588177
      0.02   0.940133   0.427962   0.588177
      0.03   0.940133   0.427962   0.588177
      0.04   0.940133   0.427962   0.588177
      0.05   0.940133   0.427962   0.588177
      0.06   0.940133   0.427962   0.588177
      0.07   0.940133   0.427962   0.588177
      0.08   0.940133   0.427962   0.588177
      0.09   0.940133   0.427962   0.588177
       0.1   0.940133   0.427962   0.588177
      0.11   0.940133   0.427962   0.588177
      0.12   0.940133   0.427962   0.588177
      0.13   0.940133   0.427962   0.588177
      0.14   0.940133   0.427962   0.588177
      0.15   0.940133   0.427962   0.588177
      0.16   0.940133   0.427983   0.588197
      0.17   0.940133   0.428123   0.588329
      0.18   0.940133    0.42848   0.588667
      0.19   0.940133   0.428993    0.58915
       0.2   0.940133   0.429317   0.589455
      0.21   0.940133   0.430242   0.590327
      0.22   0.940133   0.431866   0.591853
      0.23   0.940133   0.433221   0.593125
      0.24   0.940133   0.436098   0.595816
      0.25    0.94009   0.438539   0.598081
      0.26   0.940048   0.442648   0.601883
      0.27   0.940048   0.445626   0.604629
      0.28   0.940048   0.452482    0.61091
      0.29   0.940048   0.457204   0.615198
       0.3   0.939792   0.465253   0.622388
      0.31   0.939792   0.472863    0.62916
      0.32   0.939239   0.478271   0.633802
      0.33   0.936346    0.48713   0.640857
      0.34   0.935367    0.49368   0.646266
      0.35   0.930431   0.504021   0.653848
      0.36   0.928729   0.511728   0.659869
      0.37   0.926517    0.52218   0.667922
      0.38   0.921964   0.530424   0.673418
      0.39   0.917199   0.545225   0.683905
       0.4   0.914007   0.552632   0.688798
      0.41   0.907029   0.562816   0.694618
      0.42   0.900306   0.572112   0.699633
      0.43   0.897158   0.579455   0.704128
      0.44   0.891456   0.590741   0.710594
      0.45   0.887371    0.59655   0.713463
      0.46   0.880819   0.607068    0.71876
      0.47   0.873841   0.612736   0.720358
      0.48   0.866224   0.622614   0.724488
      0.49   0.860991    0.62852   0.726614
       0.5   0.854395   0.639031   0.731185
      0.51   0.847758   0.646632    0.73366
      0.52    0.84363   0.653624   0.736571
      0.53   0.834737   0.663323   0.739223
      0.54   0.825079   0.667708   0.738098
      0.55   0.810314   0.674206    0.73602
      0.56   0.803932   0.679605   0.736559
      0.57   0.790869   0.686131   0.734787
      0.58   0.784444   0.690485   0.734472
      0.59   0.770913   0.698069   0.732685
       0.6   0.767169   0.702833   0.733593
      0.61   0.761425    0.71023   0.734937
      0.62   0.753383   0.717589    0.73505
      0.63   0.745086    0.72312   0.733939
      0.64   0.731172    0.73071   0.730941
      0.65   0.719981   0.735051   0.727438
      0.66   0.707131   0.740423   0.723394
      0.67   0.700962   0.745088   0.722352
      0.68   0.693175   0.750175    0.72055
      0.69   0.686452   0.756561   0.719804
       0.7   0.671688   0.761815   0.713918
      0.71   0.657901   0.765745   0.707738
      0.72   0.649434   0.768455   0.703949
      0.73    0.63284   0.773513   0.696141
      0.74   0.625777   0.779393   0.694188
      0.75   0.613905   0.788771   0.690438
      0.76   0.609565   0.791493   0.688717
      0.77   0.602715   0.799086   0.687146
      0.78   0.595651   0.803012    0.68396
      0.79   0.586503   0.809829   0.680307
       0.8   0.580929   0.813256   0.677735
      0.81   0.572887   0.818702   0.674084
      0.82   0.557527   0.821926   0.664388
      0.83    0.55191   0.823701   0.660956
      0.84   0.538422   0.832565    0.65394
      0.85   0.529742   0.835863   0.648492
      0.86    0.51519   0.841265   0.639035
      0.87   0.505319   0.846816   0.632943
      0.88   0.494639    0.85388   0.626409
      0.89   0.482342   0.858761   0.617725
       0.9   0.464769   0.869004    0.60563
      0.91   0.448855   0.875373   0.593426
      0.92    0.43558   0.878936   0.582491
      0.93   0.421368   0.887112   0.571351
      0.94   0.408135   0.886542   0.558949
      0.95   0.382478   0.891793   0.535351
      0.96    0.37516   0.893514   0.528442
      0.97   0.361714   0.902681   0.516472
      0.98   0.354225   0.908813   0.509762
      0.99   0.335886   0.909328   0.490567
