         0          1   0.256164   0.407851
      0.01   0.973418   0.467582   0.631718
      0.02   0.973418   0.467582   0.631718
      0.03   0.973418   0.467582   0.631718
      0.04   0.973418   0.467582   0.631718
      0.05   0.973418   0.467582   0.631718
      0.06   0.973418   0.467582   0.631718
      0.07   0.973418   0.467582   0.631718
      0.08   0.973418   0.467582   0.631718
      0.09   0.973418   0.467582   0.631718
       0.1   0.973418   0.467582   0.631718
      0.11   0.973418   0.467582   0.631718
      0.12   0.973418   0.467582   0.631718
      0.13   0.973418   0.467582   0.631718
      0.14   0.973418   0.467645   0.631776
      0.15   0.973418   0.467773   0.631892
      0.16   0.973418   0.467868   0.631979
      0.17   0.973418   0.468091   0.632182
      0.18   0.973418   0.468186   0.632269
      0.19   0.973418   0.468729   0.632764
       0.2   0.973418   0.469304   0.633288
      0.21   0.973418   0.470705   0.634562
      0.22   0.973418   0.472323   0.636031
      0.23   0.973418   0.473739   0.637313
      0.24   0.973418    0.47588   0.639248
      0.25   0.973418    0.47722   0.640456
      0.26    0.97336   0.479935   0.642884
      0.27    0.97336   0.481933   0.644673
      0.28   0.973302   0.485474   0.647821
      0.29   0.972896   0.488365   0.650299
       0.3   0.972838   0.493547   0.654864
      0.31   0.972026   0.499737   0.660102
      0.32   0.970981   0.504431    0.66394
      0.33   0.970575    0.51059   0.669157
      0.34   0.970517   0.515152   0.673048
      0.35   0.969008     0.5223    0.67875
      0.36   0.968427   0.526415   0.682072
      0.37   0.967266   0.532261   0.686667
      0.38   0.966686   0.535876   0.689521
      0.39   0.964713   0.540491   0.692821
       0.4   0.961695   0.544094   0.694988
      0.41   0.957168   0.548369   0.697268
      0.42   0.955136   0.554332   0.701522
      0.43   0.950087   0.557722   0.702853
      0.44   0.942716   0.563849   0.705644
      0.45   0.940975   0.568261   0.708596
      0.46   0.935694   0.575942   0.713009
      0.47   0.932095   0.581942   0.716529
      0.48   0.925421    0.58809   0.719163
      0.49    0.91776   0.591545   0.719399
       0.5   0.911027   0.596313   0.720816
      0.51   0.902205   0.600914   0.721364
      0.52   0.896982   0.604824   0.722485
      0.53    0.88224   0.610808   0.721851
      0.54   0.879048   0.614293   0.723201
      0.55   0.874869   0.619053   0.725059
      0.56   0.873244   0.623271   0.727381
      0.57   0.870865   0.629459   0.730741
      0.58   0.864887   0.633359   0.731234
      0.59   0.860418   0.637475   0.732355
       0.6   0.856239   0.639978    0.73248
      0.61   0.851654   0.644211   0.733549
      0.62   0.844283   0.649537   0.734216
      0.63   0.837435   0.651915    0.73312
      0.64   0.833546   0.655837    0.73409
      0.65   0.826872   0.660329   0.734275
      0.66   0.820429   0.665688   0.735003
      0.67   0.816657   0.669283   0.735662
      0.68   0.813639   0.672461   0.736344
      0.69   0.808183   0.674251   0.735167
       0.7   0.800116   0.676579    0.73318
      0.71   0.792803   0.680498    0.73237
      0.72   0.788334   0.680548   0.730487
      0.73   0.778816   0.683508   0.728056
      0.74   0.771387   0.685294   0.725796
      0.75   0.761637   0.687959   0.722926
      0.76   0.753105   0.689914   0.720126
      0.77   0.742136   0.694346   0.717446
      0.78   0.736448   0.695722   0.715506
      0.79   0.721648   0.698775   0.710028
       0.8   0.711956   0.701821   0.706852
      0.81   0.699187   0.705097    0.70213
      0.82    0.68253   0.707605   0.694842
      0.83   0.671271   0.707954   0.689125
      0.84   0.658851   0.710278   0.683599
      0.85   0.644399   0.709222   0.675258
      0.86   0.621184    0.70873   0.662076
      0.87   0.610853   0.711335   0.657276
      0.88   0.589553   0.712075   0.645048
      0.89   0.575914   0.713515   0.637373
       0.9   0.548868    0.71264   0.620124
      0.91   0.533662   0.714067   0.610823
      0.92   0.523215   0.713972   0.603888
      0.93   0.500813   0.718351   0.590174
      0.94   0.494544   0.721086   0.586706
      0.95    0.48166   0.727652   0.579637
      0.96   0.474579   0.731838   0.575779
      0.97   0.465757   0.737113   0.570828
      0.98   0.459373   0.741034    0.56716
      0.99   0.452293   0.745902   0.563124
