         0          1   0.382258   0.553092
      0.01   0.885787   0.532961   0.665502
      0.02   0.885787   0.532961   0.665502
      0.03   0.885787   0.532961   0.665502
      0.04   0.885787   0.532961   0.665502
      0.05   0.885787   0.532961   0.665502
      0.06   0.885787   0.532961   0.665502
      0.07   0.885787   0.532961   0.665502
      0.08   0.885787   0.532961   0.665502
      0.09   0.885787   0.532961   0.665502
       0.1   0.885787   0.532961   0.665502
      0.11   0.885787   0.532961   0.665502
      0.12   0.885787   0.532961   0.665502
      0.13   0.885787   0.532961   0.665502
      0.14   0.885787   0.532961   0.665502
      0.15   0.885787   0.532961   0.665502
      0.16   0.885787   0.532961   0.665502
      0.17   0.885787   0.532961   0.665502
      0.18   0.885787   0.532961   0.665502
      0.19   0.885787   0.532961   0.665502
       0.2   0.885787   0.532961   0.665502
      0.21   0.885787   0.532961   0.665502
      0.22   0.885787   0.532961   0.665502
      0.23   0.885787   0.532961   0.665502
      0.24   0.885787   0.532932   0.665479
      0.25   0.885751   0.532873   0.665424
      0.26   0.885608   0.532882    0.66539
      0.27   0.885608   0.532882    0.66539
      0.28   0.885143    0.53281   0.665203
      0.29   0.884248   0.532672   0.664842
       0.3   0.884105   0.532386   0.664579
      0.31   0.883747   0.531977   0.664159
      0.32   0.883246   0.532146   0.664149
      0.33    0.88185   0.531827   0.663506
      0.34   0.880096   0.531559   0.662801
      0.35   0.878271   0.531274   0.662061
      0.36   0.877626   0.531091   0.661736
      0.37   0.872902   0.531028    0.66034
      0.38   0.871828   0.531017   0.660024
      0.39   0.868714   0.531323   0.659365
       0.4   0.867819   0.531436   0.659194
      0.41   0.864848   0.531439   0.658338
      0.42   0.862594   0.532007   0.658118
      0.43    0.86041   0.532037   0.657504
      0.44   0.856688   0.532288   0.656606
      0.45   0.854934   0.532941   0.656586
      0.46   0.851892   0.534907   0.657172
      0.47    0.85046   0.536231   0.657743
      0.48    0.84842   0.537163   0.657831
      0.49   0.845306   0.538318   0.657756
       0.5   0.842264   0.540879   0.658736
      0.51   0.840438   0.543697   0.660259
      0.52   0.837789   0.545292   0.660612
      0.53   0.834926   0.547529   0.661354
      0.54   0.832134   0.549276   0.661746
      0.55   0.826622   0.551394   0.661523
      0.56   0.821933     0.5534   0.661451
      0.57   0.818318   0.557066    0.66288
      0.58   0.816529   0.560006   0.664365
      0.59   0.809907   0.563621   0.664683
       0.6   0.807652   0.566413   0.665856
      0.61   0.802427   0.570585   0.666932
      0.62   0.794875   0.574021   0.666632
      0.63   0.791152   0.577116   0.667393
      0.64   0.784244   0.582205   0.668288
      0.65   0.772254   0.584798   0.665579
      0.66   0.765596   0.589725    0.66625
      0.67   0.762304   0.593449   0.667361
      0.68   0.754644   0.600863    0.66903
      0.69   0.745266   0.604209   0.667365
       0.7   0.737034   0.609357   0.667142
      0.71   0.721608   0.613247   0.663029
      0.72   0.714342   0.617032   0.662131
      0.73   0.706826   0.621287   0.661302
      0.74   0.701743   0.624706   0.660988
      0.75   0.697412   0.628802   0.661332
      0.76   0.692544   0.631876   0.660821
      0.77   0.684348   0.636889   0.659766
      0.78   0.678156   0.639613   0.658321
      0.79   0.663553   0.644998   0.654144
       0.8   0.658077   0.648053   0.653026
      0.81   0.648556    0.65457   0.651549
      0.82   0.643259   0.660885   0.651953
      0.83   0.639572   0.664875   0.651978
      0.84   0.632378    0.67011   0.650697
      0.85   0.625577   0.672911   0.648381
      0.86   0.619457   0.678363   0.647573
      0.87   0.614947   0.681724   0.646616
      0.88   0.607824   0.687103   0.645037
      0.89   0.603708   0.691646   0.644692
       0.9   0.596013   0.698518   0.643207
      0.91   0.592219   0.704399   0.643456
      0.92   0.587924   0.708206   0.642484
      0.93   0.579405    0.71639   0.640657
      0.94   0.573643   0.720619   0.638785
      0.95    0.56924   0.728312   0.639026
      0.96   0.567701   0.733754   0.640134
      0.97   0.562833   0.743375   0.640627
      0.98   0.558395   0.747176   0.639137
      0.99   0.549232   0.755496    0.63606
