         0          1   0.173626   0.295879
      0.01    0.92045   0.534053   0.675927
      0.02    0.92045   0.534053   0.675927
      0.03    0.92045   0.534053   0.675927
      0.04    0.92045   0.534053   0.675927
      0.05    0.92045   0.534053   0.675927
      0.06    0.92045   0.534053   0.675927
      0.07    0.92045   0.534239   0.676077
      0.08    0.91948   0.535421   0.676759
      0.09   0.919286   0.535858   0.677056
       0.1    0.91851   0.538789   0.679178
      0.11   0.913077   0.542696    0.68077
      0.12   0.912204   0.546716   0.683679
      0.13   0.906189   0.553245    0.68704
      0.14   0.898719   0.559084   0.689338
      0.15   0.890958   0.574477   0.698544
      0.16    0.88213   0.580871   0.700483
      0.17   0.862049   0.593919   0.703294
      0.18   0.847303   0.602326   0.704115
      0.19   0.834109   0.611509   0.705671
       0.2   0.825475   0.615757   0.705357
      0.21   0.814707   0.620835   0.704679
      0.22   0.798506   0.623372   0.700154
      0.23   0.791909   0.627023   0.699886
      0.24   0.783275   0.629758   0.698177
      0.25   0.774738   0.634554   0.697674
      0.26   0.767753   0.639663   0.697879
      0.27   0.766298   0.646177    0.70113
      0.28    0.76038    0.65204   0.702055
      0.29   0.758925   0.658039   0.704891
       0.3   0.754075   0.661458   0.704737
      0.31   0.748254   0.668169   0.705947
      0.32   0.747575   0.674699    0.70927
      0.33   0.746993   0.683122   0.713631
      0.34   0.745052   0.689566   0.716236
      0.35   0.743694   0.699473   0.720906
      0.36   0.742724   0.702355   0.721975
      0.37   0.740784   0.712073   0.726145
      0.38   0.740105   0.721707    0.73079
      0.39   0.735545   0.730769   0.733149
       0.4   0.734769   0.735153   0.734961
      0.41   0.734381   0.744963   0.739634
      0.42   0.733896   0.755298   0.744443
      0.43    0.73215   0.761247   0.746415
      0.44   0.727784   0.772225   0.749346
      0.45   0.727687   0.777719   0.751872
      0.46   0.727008   0.786492   0.755581
      0.47   0.727008   0.791621    0.75794
      0.48   0.726523   0.800786   0.761849
      0.49   0.726135   0.804422   0.763276
       0.5   0.725068   0.811343   0.765783
      0.51   0.725068   0.815185    0.76749
      0.52   0.723807    0.81856   0.768273
      0.53   0.723807   0.826456   0.771733
      0.54   0.723516   0.832819   0.774329
      0.55   0.721672   0.839218   0.776019
      0.56   0.718665   0.847686   0.777862
      0.57   0.716337   0.860265   0.781731
      0.58   0.714591   0.864646    0.78249
      0.59   0.711195   0.872326   0.783563
       0.6   0.709546   0.876491   0.784232
      0.61   0.704598   0.884006   0.784171
      0.62   0.700039   0.888071   0.782923
      0.63   0.694897   0.892216   0.781291
      0.64   0.682189   0.893812   0.773792
      0.65   0.678308   0.894737   0.771634
      0.66    0.65813   0.893533   0.757975
      0.67    0.65813   0.896032   0.758872
      0.68   0.652115   0.897023    0.75521
      0.69   0.652115   0.896691   0.755092
       0.7   0.649302   0.900826   0.754658
      0.71   0.641444   0.901503   0.749557
      0.72   0.640376   0.901515   0.748832
      0.73     0.6396   0.901612   0.748335
      0.74   0.635817    0.90378   0.746479
      0.75   0.629802   0.905727   0.742974
      0.76   0.628153    0.90675   0.742167
      0.77   0.620683   0.910163   0.738053
      0.78   0.612728   0.913969   0.733629
      0.79   0.602154   0.916038   0.726648
       0.8    0.59837   0.916746   0.724108
      0.81   0.591579   0.918707   0.719715
      0.82   0.577319   0.929577   0.712275
      0.83   0.573535   0.932653   0.710282
      0.84    0.55714   0.941737   0.700097
      0.85    0.55617   0.944266   0.700026
      0.86   0.552192   0.952903   0.699206
      0.87   0.550737   0.952539    0.69794
      0.88    0.54773   0.957062   0.696723
      0.89   0.544237   0.960739   0.694855
       0.9   0.527745   0.961859   0.681546
      0.91   0.520664   0.962379    0.67574
      0.92   0.515231   0.961916   0.671035
      0.93   0.503686   0.963384   0.661513
      0.94   0.501843   0.966709     0.6607
      0.95   0.499612   0.966365   0.658684
      0.96    0.49156   0.966013   0.651567
      0.97   0.489038   0.971925   0.650678
      0.98    0.47856   0.971583   0.641262
      0.99   0.474292   0.975104   0.638175
