         0          1   0.331079    0.49746
      0.01   0.925929   0.289346   0.440911
      0.02   0.925929   0.289346   0.440911
      0.03   0.925929   0.289346   0.440911
      0.04   0.925929   0.289346   0.440911
      0.05   0.925929   0.289346   0.440911
      0.06   0.925929   0.289346   0.440911
      0.07   0.925929   0.289346   0.440911
      0.08   0.925929   0.289346   0.440911
      0.09   0.925929   0.289346   0.440911
       0.1   0.925929   0.289346   0.440911
      0.11   0.925929   0.289346   0.440911
      0.12   0.925929   0.289346   0.440911
      0.13   0.925929   0.289346   0.440911
      0.14   0.925929   0.289346   0.440911
      0.15   0.925929   0.289346   0.440911
      0.16   0.925929   0.289346   0.440911
      0.17   0.925929   0.289346   0.440911
      0.18   0.925929   0.289346   0.440911
      0.19   0.925929   0.289346   0.440911
       0.2   0.925929   0.289346   0.440911
      0.21   0.925929   0.289346   0.440911
      0.22   0.925929   0.289346   0.440911
      0.23   0.925929   0.289357   0.440923
      0.24   0.925929   0.289357   0.440923
      0.25   0.925929   0.289368   0.440936
      0.26   0.925929   0.289379   0.440949
      0.27   0.925929   0.289401   0.440974
      0.28   0.925929   0.289456   0.441038
      0.29   0.925929   0.289478   0.441064
       0.3   0.925929   0.289577   0.441178
      0.31   0.925846   0.289622   0.441221
      0.32   0.925846   0.289613   0.441211
      0.33   0.925846   0.289681    0.44129
      0.34   0.925846   0.289727   0.441344
      0.35   0.925805    0.28987   0.441505
      0.36   0.925805   0.289996   0.441651
      0.37   0.925805   0.290472   0.442203
      0.38   0.925639   0.290716   0.442466
      0.39    0.92539   0.291136   0.442924
       0.4    0.92539   0.291327   0.443145
      0.41     0.9251   0.291641   0.443475
      0.42   0.924975   0.292727   0.444715
      0.43   0.924602   0.293005   0.444992
      0.44   0.924146   0.294396   0.446542
      0.45   0.924063   0.294952   0.447172
      0.46   0.923814   0.296412   0.448818
      0.47   0.923565   0.296898   0.449345
      0.48   0.923109   0.297551   0.450039
      0.49   0.922901   0.298869    0.45152
       0.5   0.922404   0.300464   0.453278
      0.51   0.921533   0.301759   0.454643
      0.52   0.921284   0.303236   0.456287
      0.53   0.920703   0.304743    0.45792
      0.54   0.920123   0.305389   0.458577
      0.55   0.918091   0.306872   0.459992
      0.56   0.916763   0.307643    0.46069
      0.57   0.911953   0.308568   0.461114
      0.58   0.909174   0.309546   0.461848
      0.59   0.903285   0.311344   0.463076
       0.6   0.897478   0.312525   0.463609
      0.61    0.88823    0.31539   0.465494
      0.62   0.883253   0.318089   0.467732
      0.63   0.875829   0.319459   0.468158
      0.64   0.869567   0.321169   0.469085
      0.65   0.859199   0.322155   0.468607
      0.66   0.851899   0.325058   0.470564
      0.67   0.844517   0.327703   0.472182
      0.68   0.838172   0.331926   0.475535
      0.69    0.83361   0.333563    0.47647
       0.7   0.828301   0.339036   0.481136
      0.71   0.824486   0.343857   0.485312
      0.72   0.820297    0.34594   0.486648
      0.73   0.808933    0.34928   0.487896
      0.74   0.802961   0.351922   0.489365
      0.75    0.79533   0.357078   0.492872
      0.76    0.79027   0.359689   0.494368
      0.77   0.782681   0.364246   0.497134
      0.78   0.776004   0.366197   0.497584
      0.79   0.767045    0.37022   0.499401
       0.8   0.757755    0.37282   0.499757
      0.81   0.741788   0.377235    0.50013
      0.82   0.728517   0.381736   0.500969
      0.83   0.721342   0.385063   0.502099
      0.84    0.71143   0.389597   0.503477
      0.85    0.70438   0.392672   0.504243
      0.86   0.693928   0.398392    0.50618
      0.87   0.686961   0.402364   0.507486
      0.88   0.676302   0.409583   0.510186
      0.89   0.671077   0.415281   0.513064
       0.9   0.659423   0.420972   0.513883
      0.91   0.643704   0.425264   0.512166
      0.92   0.636695   0.429517   0.512978
      0.93   0.629562   0.436897   0.515826
      0.94   0.623092   0.439899    0.51571
      0.95   0.611189   0.446506   0.516027
      0.96   0.605881   0.451227   0.517241
      0.97   0.596508   0.457678   0.517952
      0.98   0.590619   0.463966   0.519687
      0.99   0.580209   0.472777   0.521012
