         0          1   0.339259   0.506637
      0.01    0.98419   0.755136   0.854581
      0.02    0.98419   0.755136   0.854581
      0.03    0.98419   0.755136   0.854581
      0.04    0.98419   0.755136   0.854581
      0.05    0.98419   0.755136   0.854581
      0.06    0.98419   0.755136   0.854581
      0.07    0.98419   0.755136   0.854581
      0.08    0.98419   0.755136   0.854581
      0.09    0.98419   0.755306    0.85469
       0.1    0.98419   0.755422   0.854764
      0.11    0.98419    0.75596   0.855108
      0.12    0.98419   0.756669   0.855562
      0.13    0.98419    0.75894   0.857012
      0.14   0.984152   0.761092   0.858367
      0.15   0.983958   0.764476   0.860441
      0.16   0.983494   0.766831   0.861753
      0.17   0.983378    0.77439   0.866461
      0.18   0.981716   0.779883   0.869237
      0.19   0.981098   0.787595   0.873761
       0.2   0.980363   0.793285   0.876958
      0.21   0.979281   0.801003   0.881215
      0.22   0.976111   0.807176   0.883642
      0.23   0.975879   0.811593   0.886186
      0.24    0.97356   0.818088   0.889078
      0.25   0.972478   0.821671   0.890736
      0.26   0.968535   0.825928   0.891565
      0.27    0.96695    0.82922   0.892804
      0.28   0.964476   0.833472   0.894202
      0.29   0.962312   0.836502   0.895007
       0.3    0.95949   0.839526   0.895508
      0.31   0.955276   0.843234   0.895765
      0.32   0.952609   0.846115    0.89621
      0.33   0.948087   0.848948   0.895782
      0.34   0.945226    0.85142   0.895874
      0.35   0.938693   0.855471   0.895152
      0.36   0.933359   0.858425   0.894325
      0.37   0.922806   0.862963   0.891882
      0.38    0.91581   0.865199   0.889785
      0.39   0.902706    0.86809    0.88506
       0.4   0.890877   0.870762   0.880705
      0.41   0.880557   0.875711   0.878127
      0.42   0.869424   0.881707   0.875523
      0.43   0.863974   0.883638   0.873695
      0.44   0.856049   0.888936   0.872183
      0.45     0.8477   0.894029   0.870248
      0.46   0.834557   0.900766   0.866398
      0.47   0.826749   0.904798   0.864015
      0.48    0.81523   0.908026   0.859129
      0.49   0.810591   0.910031   0.857438
       0.5    0.80143   0.914915   0.854421
      0.51   0.792617    0.91842   0.850894
      0.52   0.786007   0.919662   0.847598
      0.53   0.779358   0.921451   0.844469
      0.54   0.776614   0.922948   0.843481
      0.55   0.766873   0.923802   0.838054
      0.56   0.757325   0.927258   0.833721
      0.57   0.744298   0.929699   0.826732
      0.58   0.739041   0.931498   0.824184
      0.59   0.729996   0.935272   0.819982
       0.6   0.717936    0.93867   0.813597
      0.61   0.701546   0.941604   0.804039
      0.62   0.689834   0.945263   0.797597
      0.63   0.680131   0.946903   0.791647
      0.64    0.66208   0.948121   0.779694
      0.65   0.654117   0.950393   0.774901
      0.66   0.638887   0.953442   0.765095
      0.67   0.628218    0.95502   0.757891
      0.68   0.608079   0.954642   0.742932
      0.69   0.601082   0.954531   0.737653
       0.7   0.590259   0.954413   0.729412
      0.71    0.57414   0.954668   0.717046
      0.72   0.564167   0.954043   0.709045
      0.73   0.546154   0.954431   0.694751
      0.74   0.536606   0.954512   0.686997
      0.75   0.518322    0.95578   0.672141
      0.76   0.506455   0.956105    0.66216
      0.77   0.488635   0.956576   0.646849
      0.78   0.480209   0.957346   0.639594
      0.79    0.45976   0.956877   0.621096
       0.8   0.446927   0.957055   0.609315
      0.81   0.427793   0.959661   0.591783
      0.82   0.415037   0.959686   0.579469
      0.83   0.402281   0.961223   0.567188
      0.84   0.381562   0.961268   0.546284
      0.85   0.364244   0.960784    0.52823
      0.86   0.347313   0.962987   0.510506
      0.87   0.336181   0.963415   0.498434
      0.88   0.316003   0.961765   0.475706
      0.89        0.3   0.963424    0.45753
       0.9   0.276189   0.961377   0.429103
      0.91   0.252648   0.961147    0.40012
      0.92   0.237263   0.960938   0.380563
      0.93   0.217588   0.960168   0.354778
      0.94   0.209239    0.96044   0.343618
      0.95   0.188094   0.959763   0.314544
      0.96    0.17816   0.957921   0.300442
      0.97   0.160495   0.959947    0.27501
      0.98   0.151295   0.958101   0.261324
      0.99   0.142095   0.957478   0.247465
