         0          1   0.393948   0.565226
      0.01   0.959677   0.423972   0.588121
      0.02   0.959677   0.423972   0.588121
      0.03   0.959677   0.423972   0.588121
      0.04   0.959677   0.423972   0.588121
      0.05   0.959677   0.423972   0.588121
      0.06   0.959677   0.423972   0.588121
      0.07   0.959677   0.423972   0.588121
      0.08   0.959677   0.423972   0.588121
      0.09   0.959677   0.423972   0.588121
       0.1   0.959677   0.423972   0.588121
      0.11   0.959677   0.423972   0.588121
      0.12   0.959677   0.423972   0.588121
      0.13   0.959677   0.423972   0.588121
      0.14   0.959677   0.423972   0.588121
      0.15   0.959677   0.423972   0.588121
      0.16   0.959677   0.423972   0.588121
      0.17   0.959642   0.423991   0.588133
      0.18   0.959607   0.424005   0.588139
      0.19   0.959536   0.424281   0.588392
       0.2    0.95943   0.424558   0.588638
      0.21   0.959182   0.424891    0.58891
      0.22   0.959147   0.425996   0.589965
      0.23   0.958935   0.426444   0.590354
      0.24   0.958227   0.427808   0.591525
      0.25   0.957626   0.428825   0.592381
      0.26    0.95515   0.431905   0.594834
      0.27   0.953912   0.433502   0.596106
      0.28   0.951825   0.437084   0.599071
      0.29   0.949208   0.440431   0.601683
       0.3   0.943513   0.444006   0.603848
      0.31   0.936156   0.450039   0.607861
      0.32   0.930426   0.453643   0.609914
      0.33   0.918435   0.459098   0.612184
      0.34   0.915641    0.46438   0.616231
      0.35   0.905348   0.472263    0.62073
      0.36    0.89548   0.476532   0.622042
      0.37   0.879457   0.483013   0.623558
      0.38   0.865415    0.49053   0.626149
      0.39   0.847729   0.498343   0.627693
       0.4   0.835739   0.504239   0.628983
      0.41   0.813455   0.513798   0.629799
      0.42   0.789827   0.524177   0.630149
      0.43   0.775432   0.531713   0.630851
      0.44   0.749222   0.538346   0.626515
      0.45   0.732562   0.543355    0.62393
      0.46    0.70087   0.554399   0.619089
      0.47   0.680532   0.563038   0.616234
      0.48   0.639926   0.574281   0.605329
      0.49   0.622135    0.57962   0.600125
       0.5    0.59589   0.592793   0.594337
      0.51   0.570352   0.602407   0.585942
      0.52   0.556027    0.61194   0.582645
      0.53   0.530419    0.62469   0.573707
      0.54    0.50863   0.632324   0.563772
      0.55   0.484861   0.640599   0.551955
      0.56   0.466292   0.648348   0.542452
      0.57   0.441072    0.65338   0.526634
      0.58   0.421371   0.657511   0.513598
      0.59   0.405525   0.661792   0.502893
       0.6   0.389643   0.665636   0.491549
      0.61   0.370932   0.675375   0.478862
      0.62   0.352009   0.681478   0.464227
      0.63   0.342388     0.6833   0.456189
      0.64    0.31777   0.683955   0.433932
      0.65   0.295876   0.682802   0.412852
      0.66   0.282223   0.684049   0.399586
      0.67   0.272956   0.683938   0.390189
      0.68   0.258312   0.689341   0.375802
      0.69   0.248444   0.694839   0.366016
       0.7    0.23571   0.690747   0.351481
      0.71   0.225028   0.685302   0.338805
      0.72   0.220359   0.686973   0.333684
      0.73   0.208369   0.688083   0.319872
      0.74   0.196237   0.685652   0.305141
      0.75   0.182902   0.685921   0.288796
      0.76   0.171159   0.689172   0.274215
      0.77    0.15648   0.682256   0.254572
      0.78   0.151705   0.681556    0.24817
      0.79   0.143994     0.6851   0.237971
       0.8   0.139467      0.688    0.23192
      0.81    0.13547   0.698113   0.226908
      0.82   0.131296   0.698905   0.221063
      0.83   0.126026   0.696395   0.213428
      0.84   0.119588   0.693089   0.203981
      0.85   0.115379   0.692144   0.197788
      0.86   0.109012   0.696552   0.188521
      0.87   0.101655   0.692118   0.177274
      0.88  0.0937677   0.686486   0.164998
      0.89  0.0886389   0.689459   0.157083
       0.9  0.0852434   0.692308   0.151796
      0.91  0.0836517   0.682848   0.149045
      0.92  0.0785583   0.671233   0.140655
      0.93  0.0759409   0.653285   0.136065
      0.94  0.0712719   0.646617   0.128392
      0.95  0.0647284   0.622407   0.117262
      0.96  0.0582201   0.619048   0.106431
      0.97  0.0531268   0.609524  0.0977349
      0.98  0.0475028        0.6  0.0880357
      0.99   0.045416   0.596591  0.0844064
