         0          1   0.310743   0.474148
      0.01   0.950106   0.347028   0.508372
      0.02   0.950106   0.347028   0.508372
      0.03   0.950106   0.347028   0.508372
      0.04   0.950106   0.347028   0.508372
      0.05   0.950106   0.347028   0.508372
      0.06   0.950106   0.347028   0.508372
      0.07   0.950106   0.347028   0.508372
      0.08   0.950106   0.347028   0.508372
      0.09   0.950106   0.347028   0.508372
       0.1   0.950106   0.347028   0.508372
      0.11   0.950106   0.347028   0.508372
      0.12   0.950106   0.347028   0.508372
      0.13   0.950106   0.347028   0.508372
      0.14   0.950106   0.347028   0.508372
      0.15   0.950106   0.347028   0.508372
      0.16   0.950106   0.347028   0.508372
      0.17   0.950106   0.347076   0.508424
      0.18   0.950106   0.347076   0.508424
      0.19   0.950106   0.347252   0.508612
       0.2   0.950106   0.347428   0.508801
      0.21   0.950106   0.347892   0.509299
      0.22   0.950106   0.348749   0.510216
      0.23   0.950026   0.349439   0.510943
      0.24   0.950026   0.351087   0.512702
      0.25   0.950026   0.352395   0.514096
      0.26   0.949986   0.355306   0.517181
      0.27   0.949826   0.357703   0.519691
      0.28   0.949344   0.361592    0.52371
      0.29   0.949063   0.364943   0.527172
       0.3   0.949023   0.370531   0.532971
      0.31   0.948903   0.377066    0.53968
      0.32   0.948582   0.381913   0.544573
      0.33   0.948261   0.390428    0.55312
      0.34    0.94794   0.396702    0.55933
      0.35   0.947098   0.405482    0.56785
      0.36   0.946497   0.412219   0.574313
      0.37   0.943569   0.422862   0.584003
      0.38   0.943007   0.431403   0.591986
      0.39   0.941243   0.445431   0.604697
       0.4   0.940561   0.455285   0.613568
      0.41   0.938595   0.469341   0.625768
      0.42    0.93671   0.485413   0.639454
      0.43   0.935427   0.496701   0.648863
      0.44   0.931697   0.513948   0.662463
      0.45    0.92893   0.525774   0.671487
      0.46   0.926643   0.544378   0.685842
      0.47   0.925119   0.557216   0.695513
      0.48   0.921911   0.574688    0.70802
      0.49   0.920627   0.585423   0.715721
       0.5   0.917058   0.602753   0.727405
      0.51   0.913368   0.617532   0.736866
      0.52   0.912165   0.627894   0.743793
      0.53   0.908515   0.642141   0.752449
      0.54   0.904424   0.647893   0.754961
      0.55   0.894638   0.660819   0.760155
      0.56   0.893595   0.671545   0.766818
      0.57   0.887017   0.687536    0.77464
      0.58   0.881482   0.696413   0.778094
      0.59   0.873742   0.706405   0.781213
       0.6   0.867365   0.715136   0.783928
      0.61   0.857257   0.724895   0.785539
      0.62   0.845145   0.733995   0.785658
      0.63    0.83953   0.739305   0.786236
      0.64   0.827738   0.746732   0.785151
      0.65   0.824891   0.753499    0.78758
      0.66   0.818514   0.761164   0.788798
      0.67   0.811856   0.766535   0.788545
      0.68   0.801508   0.771533   0.786235
      0.69   0.792805   0.775177   0.783892
       0.7   0.778727   0.780623   0.779674
      0.71   0.762885   0.784959   0.773764
      0.72   0.754823   0.786013   0.770102
      0.73   0.739341   0.789109   0.763415
      0.74   0.729595   0.793085   0.760017
      0.75    0.71997   0.797427   0.756721
      0.76   0.709822   0.800225   0.752318
      0.77   0.695183   0.803529    0.74544
      0.78   0.680744   0.805857   0.738036
      0.79   0.672803   0.812657   0.736147
       0.8   0.664982   0.814336    0.73212
      0.81   0.650343   0.818489   0.724791
      0.82   0.636345   0.822705   0.717624
      0.83   0.622669   0.825081   0.709725
      0.84   0.605864   0.828442   0.699883
      0.85   0.597722    0.83024    0.69505
      0.86   0.586051   0.832669   0.687925
      0.87   0.580917   0.834011   0.684828
      0.88   0.567882   0.834529   0.675856
      0.89   0.554847   0.833549   0.666225
       0.9   0.542213   0.832666   0.656759
      0.91   0.529299   0.833333   0.647397
      0.92   0.518991   0.832394   0.639352
      0.93   0.512052   0.830739   0.633579
      0.94   0.501985   0.830993   0.625886
      0.95   0.486424    0.83184   0.613878
      0.96    0.47772   0.832164   0.606987
      0.97   0.466731   0.830899   0.597715
      0.98   0.454097   0.828125   0.586558
      0.99   0.435768   0.825349   0.570384
