         0          1   0.172013   0.293534
      0.01   0.973967   0.221455   0.360859
      0.02   0.973967   0.221455   0.360859
      0.03   0.973967   0.221455   0.360859
      0.04   0.973967   0.221455   0.360859
      0.05   0.973967   0.221455   0.360859
      0.06   0.973967   0.221455   0.360859
      0.07   0.973967   0.221455   0.360859
      0.08   0.973967   0.221455   0.360859
      0.09   0.973967   0.221455   0.360859
       0.1   0.973967   0.221455   0.360859
      0.11   0.973967   0.221455   0.360859
      0.12   0.973967   0.221478    0.36089
      0.13   0.973967   0.221559   0.360998
      0.14   0.973967    0.22164   0.361106
      0.15   0.973967   0.222082   0.361692
      0.16   0.973967   0.222614   0.362397
      0.17   0.973967   0.223709   0.363847
      0.18   0.973967   0.224763    0.36524
      0.19   0.973967   0.227606   0.368985
       0.2   0.973896   0.229829   0.371894
      0.21   0.972892    0.23399   0.377248
      0.22   0.970525   0.239359    0.38401
      0.23    0.96866   0.243413    0.38906
      0.24   0.967656   0.252247   0.400177
      0.25    0.96529   0.258711   0.408057
      0.26   0.963138   0.268645    0.42011
      0.27    0.96113   0.275672   0.428454
      0.28   0.959409   0.288374   0.443457
      0.29   0.956827   0.296796   0.453059
       0.3   0.955178    0.31009   0.468187
      0.31   0.948508   0.322479   0.481317
      0.32   0.945281    0.33141   0.490762
      0.33    0.93854   0.345675   0.505257
      0.34    0.93603   0.356669    0.51652
      0.35   0.931512   0.371339      0.531
      0.36   0.925918   0.379817   0.538669
      0.37   0.923838   0.393583   0.551998
      0.38   0.920109   0.401136   0.558699
      0.39    0.91681   0.415008   0.571375
       0.4   0.912364   0.423581   0.578557
      0.41   0.904045   0.437871   0.589985
      0.42   0.893574   0.450783   0.599258
      0.43    0.88712   0.461168    0.60686
      0.44   0.874498   0.471259   0.612466
      0.45   0.868617   0.480218   0.618497
      0.46   0.853485   0.489272   0.621983
      0.47   0.844019   0.495459   0.624388
      0.48   0.827381   0.505947   0.627919
      0.49   0.820568   0.514513   0.632461
       0.5   0.801563   0.523629   0.633451
      0.51   0.791738    0.53346    0.63743
      0.52   0.783276    0.54067   0.639745
      0.53   0.770224   0.551693   0.642895
      0.54   0.760399   0.556998   0.642996
      0.55   0.753442   0.567186    0.64718
      0.56   0.739673   0.572089   0.645176
      0.57   0.727983   0.586674   0.649734
      0.58   0.718876   0.594353    0.65071
      0.59   0.701664   0.599356   0.646487
       0.6   0.695353   0.603132   0.645967
      0.61    0.67642   0.606336   0.639464
      0.62   0.658491   0.614253   0.635603
      0.63   0.647662   0.618567    0.63278
      0.64   0.633821   0.625351   0.629558
      0.65   0.621343   0.631598   0.626428
      0.66   0.610872   0.638618   0.624437
      0.67   0.606426   0.641734    0.62358
      0.68   0.590003   0.643454    0.61557
      0.69    0.58025   0.646104   0.611409
       0.7   0.570138   0.651007   0.607894
      0.71   0.555006   0.651627   0.599448
      0.72   0.541308    0.65482   0.592678
      0.73   0.529547   0.659447   0.587401
      0.74   0.526104    0.66462   0.587305
      0.75   0.519076    0.66291   0.582242
      0.76   0.510686    0.66112   0.576246
      0.77   0.502295   0.662324   0.571315
      0.78    0.49039   0.659358   0.562458
      0.79   0.473035   0.660783   0.551365
       0.8   0.464501   0.661208   0.545668
      0.81   0.449943   0.663551   0.536258
      0.82   0.440261   0.661222   0.528579
      0.83    0.43646   0.659914   0.525416
      0.84   0.427209   0.660365   0.518795
      0.85   0.420181   0.657912   0.512835
      0.86   0.414874   0.655556   0.508156
      0.87   0.412579   0.654557   0.506133
      0.88   0.404188   0.651178   0.498781
      0.89    0.40261   0.650068   0.497254
       0.9   0.393431   0.645775   0.488965
      0.91   0.386618   0.642189   0.482659
      0.92    0.38045       0.64   0.477217
      0.93   0.365892   0.635135   0.464305
      0.94   0.356282    0.63186   0.455644
      0.95   0.348465   0.629108   0.448503
      0.96     0.3428   0.628185   0.443553
      0.97   0.339357   0.623177   0.439423
      0.98   0.331325   0.616653   0.431049
      0.99   0.322719   0.610169   0.422159
