         0          1   0.171113   0.292223
      0.01   0.968851   0.142861   0.249006
      0.02   0.968851   0.142861   0.249006
      0.03   0.968851   0.142861   0.249006
      0.04   0.968851   0.142861   0.249006
      0.05   0.968851   0.142861   0.249006
      0.06   0.968851   0.142861   0.249006
      0.07   0.968851   0.142861   0.249006
      0.08   0.968851   0.142861   0.249006
      0.09   0.968851   0.142861   0.249006
       0.1   0.968851   0.142861   0.249006
      0.11   0.968851   0.142861   0.249006
      0.12   0.968851   0.142861   0.249006
      0.13   0.968851   0.142861   0.249006
      0.14   0.968851   0.142861   0.249006
      0.15   0.968851   0.142878   0.249031
      0.16   0.968851   0.142908   0.249076
      0.17   0.968851   0.142941   0.249127
      0.18   0.968851   0.142988   0.249198
      0.19   0.968851   0.143123   0.249403
       0.2   0.968756   0.143284   0.249644
      0.21   0.968756   0.143417   0.249846
      0.22   0.968756   0.143914     0.2506
      0.23   0.968375   0.144228   0.251064
      0.24   0.968184   0.144787   0.251903
      0.25   0.968089   0.145617   0.253156
      0.26    0.96666   0.146913   0.255062
      0.27    0.96666   0.147918   0.256576
      0.28   0.965803   0.150029   0.259714
      0.29   0.963612    0.15169   0.262118
       0.3   0.962469   0.154751   0.266632
      0.31   0.961326   0.158276   0.271802
      0.32   0.960945   0.160425   0.274948
      0.33   0.959516   0.164338   0.280614
      0.34    0.95904   0.167232   0.284801
      0.35   0.956944   0.171913   0.291466
      0.36   0.954277   0.175884   0.297023
      0.37   0.951038   0.181345   0.304607
      0.38   0.946371   0.185802   0.310619
      0.39   0.941417    0.19255   0.319709
       0.4   0.934273   0.197606   0.326215
      0.41   0.922271   0.205352    0.33591
      0.42   0.909602   0.214322   0.346905
      0.43   0.900838   0.220934   0.354842
      0.44   0.890836   0.231574   0.367592
      0.45   0.879596   0.239069   0.375955
      0.46     0.8735   0.252243   0.391447
      0.47   0.866641   0.259608   0.399533
      0.48   0.857306   0.270643   0.411409
      0.49   0.850543   0.279477   0.420713
       0.5   0.845113   0.293105   0.435254
      0.51   0.839874   0.306437   0.449038
      0.52   0.833492   0.314617   0.456805
      0.53   0.823204   0.330001   0.471136
      0.54   0.821299   0.339618    0.48053
      0.55   0.812059   0.353697   0.492767
      0.56   0.803486   0.363691   0.500731
      0.57   0.781101   0.378509    0.50992
      0.58   0.775862   0.387982   0.517287
      0.59   0.762812   0.400573   0.525298
       0.6   0.753001   0.407594   0.528898
      0.61   0.744809   0.421136   0.538046
      0.62   0.728043   0.429712   0.540441
      0.63   0.720709   0.437719   0.544648
      0.64   0.700514   0.447168   0.545878
      0.65   0.694418   0.453061   0.548357
      0.66   0.682892   0.462494   0.551488
      0.67    0.67289   0.467243    0.55152
      0.68   0.656506   0.472406   0.549445
      0.69   0.652315    0.47872   0.552196
       0.7   0.636597   0.488835   0.553016
      0.71   0.624214   0.497126   0.553469
      0.72   0.614784   0.500497   0.551784
      0.73   0.599733   0.507317   0.549668
      0.74   0.589446   0.509386   0.546499
      0.75   0.575157   0.517163   0.544621
      0.76   0.557154   0.519906   0.537886
      0.77   0.547057   0.524315   0.535445
      0.78   0.532197   0.526562   0.529364
      0.79    0.51305   0.532352   0.522523
       0.8   0.495713   0.533945   0.514119
      0.81   0.478186   0.539729   0.507097
      0.82   0.463517   0.542785   0.500029
      0.83   0.456468   0.549974   0.498877
      0.84   0.441417   0.555739   0.492025
      0.85   0.432654   0.559504    0.48797
      0.86   0.416841   0.562832   0.478959
      0.87   0.402839   0.564742   0.470245
      0.88   0.383787   0.569693   0.458617
      0.89   0.374643   0.576216   0.454063
       0.9   0.365117   0.585399   0.449733
      0.91   0.354734   0.590778   0.443292
      0.92   0.347685   0.596296   0.439253
      0.93    0.33816   0.607919   0.434581
      0.94   0.335588    0.61326   0.433795
      0.95   0.321109   0.618377   0.422713
      0.96   0.318251   0.625427   0.421845
      0.97   0.311488   0.632471   0.417406
      0.98   0.298343     0.6382   0.406607
      0.99   0.285388   0.642789   0.395278
