         0          1   0.391539   0.562742
      0.01   0.875491   0.479922   0.619984
      0.02   0.875491   0.479922   0.619984
      0.03   0.875491   0.479922   0.619984
      0.04   0.875491   0.479922   0.619984
      0.05   0.875491   0.479922   0.619984
      0.06   0.875491   0.479922   0.619984
      0.07   0.875491   0.479922   0.619984
      0.08   0.875491   0.479922   0.619984
      0.09   0.875491   0.479922   0.619984
       0.1   0.875491   0.479922   0.619984
      0.11   0.875491   0.479922   0.619984
      0.12   0.875491   0.479922   0.619984
      0.13   0.875491   0.479922   0.619984
      0.14   0.875491   0.479948   0.620006
      0.15   0.875491   0.479948   0.620006
      0.16   0.875491   0.479892   0.619959
      0.17   0.875105   0.479888   0.619859
      0.18   0.875105   0.479799   0.619785
      0.19      0.875   0.479638   0.619624
       0.2   0.874685   0.479514   0.619442
      0.21   0.873388   0.479244   0.618891
      0.22   0.872337   0.479046   0.618462
      0.23   0.870655   0.478754   0.617796
      0.24   0.868272   0.478736    0.61718
      0.25     0.8668   0.479366    0.61733
      0.26   0.864978   0.479761   0.617195
      0.27   0.862244   0.480025   0.616715
      0.28   0.857653   0.481021   0.616355
      0.29   0.854429    0.48136   0.615798
       0.3   0.849909   0.483703   0.616526
      0.31   0.843706   0.486804   0.617387
      0.32   0.838905   0.488961   0.617821
      0.33   0.833474   0.493823   0.620191
      0.34   0.827096   0.497767     0.6215
      0.35   0.814795   0.502887   0.621926
      0.36   0.805894   0.508063   0.623224
      0.37   0.792052   0.515923   0.624841
      0.38   0.788127   0.521295   0.627524
      0.39   0.773164   0.530258   0.629077
       0.4   0.764929   0.535681   0.630101
      0.41   0.750175   0.543548   0.630361
      0.42   0.735527   0.553124   0.631416
      0.43   0.725645   0.559915   0.632097
      0.44   0.717094    0.57156   0.636109
      0.45   0.705845   0.577813   0.635444
      0.46   0.694106   0.589406   0.637486
      0.47   0.689585   0.596693   0.639785
      0.48   0.676654   0.608879    0.64098
      0.49   0.670276   0.617298   0.642697
       0.5   0.654261   0.629105   0.641437
      0.51   0.634497   0.639392   0.636935
      0.52   0.621706   0.645577   0.633417
      0.53   0.599593   0.655294   0.626208
      0.54   0.583999   0.664323   0.621577
      0.55   0.567283   0.671966   0.615203
      0.56   0.558137   0.678192   0.612336
      0.57   0.540931   0.687222   0.605364
      0.58   0.534027   0.693109   0.603257
      0.59   0.519659   0.700487   0.596674
       0.6   0.508095   0.706969   0.591257
      0.61    0.49604   0.713823    0.58533
      0.62   0.483459   0.721083   0.578833
      0.63   0.477853   0.729873   0.577568
      0.64   0.470353   0.736562   0.574099
      0.65   0.460786   0.742265   0.568597
      0.66   0.450659   0.748699   0.562647
      0.67   0.441933    0.75194   0.556688
      0.68     0.4317   0.759253   0.550433
      0.69   0.425147   0.763858   0.546258
       0.7   0.418068   0.775613   0.543293
      0.71   0.409062   0.782989   0.537378
      0.72   0.405558   0.790991   0.536196
      0.73   0.397007   0.797588   0.530135
      0.74    0.39112   0.801235   0.525647
      0.75   0.384777   0.809696   0.521657
      0.76   0.378329   0.813762   0.516521
      0.77   0.367606   0.826557   0.508887
      0.78   0.363926   0.832666   0.506487
      0.79   0.353764   0.836481   0.497237
       0.8   0.350154   0.839303    0.49415
      0.81   0.344757   0.852435   0.490954
      0.82   0.337959    0.86239   0.485613
      0.83   0.333579   0.868379   0.482001
      0.84   0.326955   0.872022   0.475593
      0.85   0.323837   0.877193   0.473039
      0.86   0.317003   0.883461   0.466586
      0.87   0.313779   0.889764   0.463946
      0.88   0.307717   0.898294   0.458404
      0.89   0.300708   0.907723   0.451758
       0.9   0.294505   0.913664   0.445432
      0.91    0.28655   0.919435   0.436928
      0.92   0.283782     0.9252   0.434341
      0.93   0.279156    0.93865   0.430331
      0.94   0.274215   0.942384   0.424817
      0.95   0.266716     0.9455   0.416064
      0.96   0.262125     0.9494   0.410824
      0.97   0.255922   0.947556      0.403
      0.98   0.252874   0.951686   0.399576
      0.99    0.24604   0.956149   0.391371
