         0          1   0.216663    0.35616
      0.01   0.996649   0.699411   0.821984
      0.02   0.996649   0.699411   0.821984
      0.03   0.996649   0.699411   0.821984
      0.04   0.996649   0.699411   0.821984
      0.05   0.996649   0.699411   0.821984
      0.06   0.996649   0.699411   0.821984
      0.07   0.996649   0.699411   0.821984
      0.08   0.996649   0.699411   0.821984
      0.09   0.996649   0.699411   0.821984
       0.1   0.996649   0.699411   0.821984
      0.11   0.996649   0.699411   0.821984
      0.12   0.996649   0.699411   0.821984
      0.13   0.996649   0.699411   0.821984
      0.14   0.996649   0.699411   0.821984
      0.15   0.996649   0.699411   0.821984
      0.16   0.996649   0.699509   0.822052
      0.17   0.996649   0.699607   0.822119
      0.18   0.996649   0.699705   0.822187
      0.19   0.996649   0.699902   0.822323
       0.2   0.996649   0.700098   0.822459
      0.21   0.996649   0.700197   0.822526
      0.22   0.996649    0.70052    0.82275
      0.23   0.996649   0.700902   0.823013
      0.24   0.996649   0.701891   0.823694
      0.25   0.996649   0.702657   0.824221
      0.26   0.996649   0.704281   0.825338
      0.27   0.996649    0.70559   0.826236
      0.28   0.996649   0.707133   0.827293
      0.29   0.996649   0.707857   0.827788
       0.3   0.996649   0.709821   0.829129
      0.31   0.996649   0.712678   0.831076
      0.32   0.996603   0.714493   0.832292
      0.33   0.996422   0.716222   0.833401
      0.34   0.996377   0.718636   0.835017
      0.35   0.995924   0.722263     0.8373
      0.36   0.995743   0.724517   0.838748
      0.37   0.995652   0.728131   0.841132
      0.38   0.995426   0.730891    0.84289
      0.39    0.99529   0.737284   0.847077
       0.4   0.995154   0.740843   0.849371
      0.41   0.994611   0.746692   0.853002
      0.42   0.994475   0.753075   0.857102
      0.43   0.994158   0.757234    0.85967
      0.44   0.993931   0.762524   0.862984
      0.45   0.993795   0.766526    0.86549
      0.46   0.993569   0.772832   0.869408
      0.47   0.993116    0.77822   0.872633
      0.48   0.992889   0.786802   0.877913
      0.49   0.992165   0.793281   0.881646
       0.5   0.991938   0.805638   0.889134
      0.51   0.991667   0.813759   0.893947
      0.52   0.991395    0.82068   0.897996
      0.53   0.990806   0.835497   0.906548
      0.54   0.989447   0.844281   0.911118
      0.55   0.988451   0.858721    0.91903
      0.56   0.987138   0.867664   0.923553
      0.57   0.986322   0.880525   0.930426
      0.58   0.985281   0.891126   0.935841
      0.59   0.984058    0.90362   0.942125
       0.6   0.983152   0.913741   0.947177
      0.61   0.981295   0.925011   0.952322
      0.62   0.979257   0.931778   0.954928
      0.63   0.978487   0.938541   0.958098
      0.64   0.977355   0.947079   0.961979
      0.65   0.976449   0.951355   0.963739
      0.66   0.973687   0.957116    0.96533
      0.67   0.970245    0.96021   0.965201
      0.68   0.962862   0.965283   0.964071
      0.69   0.960598   0.967639   0.964106
       0.7   0.958016   0.971407   0.964665
      0.71   0.954076   0.974747   0.964301
      0.72   0.952038   0.975796   0.963771
      0.73   0.947645   0.977749   0.962462
      0.74   0.945697   0.979357   0.962233
      0.75   0.941803   0.980132   0.960585
      0.76   0.937908   0.980481   0.958722
      0.77   0.933922   0.983451   0.958047
      0.78   0.931658   0.984157   0.957188
      0.79    0.92663    0.98618   0.955478
       0.8   0.921377   0.987709   0.953391
      0.81   0.917029   0.988126   0.951251
      0.82   0.912364    0.99028   0.949727
      0.83    0.90856   0.990778   0.947889
      0.84    0.90317   0.992716   0.945828
      0.85   0.899502   0.993247   0.944053
      0.86   0.897826   0.993478   0.943233
      0.87   0.892301   0.993423   0.940151
      0.88   0.886277   0.993331   0.936756
      0.89   0.880072   0.993274   0.933253
       0.9   0.869792   0.993193   0.927405
      0.91   0.861821   0.993099   0.922814
      0.92   0.859103   0.993669   0.921499
      0.93   0.855435   0.994223   0.919622
      0.94   0.851495   0.994167   0.917316
      0.95   0.842255   0.994077    0.91189
      0.96   0.839312   0.994036   0.910145
      0.97   0.834647   0.993966   0.907366
      0.98   0.832428   0.993917   0.906033
      0.99    0.82663    0.99419     0.9027
