         0          1   0.205491   0.340925
      0.01   0.952337   0.300538   0.456891
      0.02   0.952337   0.300538   0.456891
      0.03   0.952337   0.300538   0.456891
      0.04   0.952337   0.300538   0.456891
      0.05   0.952337   0.300538   0.456891
      0.06   0.952337   0.300538   0.456891
      0.07   0.952337   0.300538   0.456891
      0.08   0.952337   0.300538   0.456891
      0.09   0.952337   0.300538   0.456891
       0.1   0.952337   0.300538   0.456891
      0.11   0.952337   0.300538   0.456891
      0.12   0.952337   0.300538   0.456891
      0.13   0.952337   0.300632   0.456999
      0.14   0.952337   0.300834   0.457233
      0.15   0.952337   0.301006   0.457431
      0.16   0.952337   0.301325     0.4578
      0.17   0.952337   0.302658   0.459336
      0.18   0.952254   0.304132   0.461023
      0.19   0.951671   0.306615     0.4638
       0.2   0.951254   0.309119   0.466608
      0.21   0.950254   0.313452   0.471406
      0.22   0.946838   0.317684   0.475745
      0.23   0.944338   0.321302   0.479469
      0.24   0.941838   0.327279   0.485762
      0.25   0.938922   0.330591   0.489005
      0.26   0.928089   0.336453   0.493868
      0.27    0.92109   0.341768    0.49855
      0.28   0.897759   0.350208   0.503863
      0.29   0.888009   0.355023   0.507249
       0.3   0.871761   0.362977   0.512545
      0.31   0.851096   0.369821   0.515602
      0.32   0.838763    0.37592   0.519161
      0.33   0.806016   0.383959    0.52014
      0.34   0.792684    0.38908   0.521962
      0.35   0.767936   0.399952   0.525971
      0.36   0.750937    0.40653   0.527494
      0.37   0.731189   0.420008   0.533541
      0.38   0.713191     0.4252   0.532768
      0.39   0.693276    0.43746    0.53643
       0.4   0.680277   0.444066   0.537359
      0.41   0.662028   0.458634   0.541874
      0.42   0.648446   0.475659   0.548773
      0.43    0.63803   0.487058   0.552415
      0.44   0.623281   0.501663   0.555898
      0.45   0.613282   0.510514   0.557199
      0.46   0.592284   0.530722   0.559815
      0.47   0.586201   0.546414   0.565608
      0.48   0.577035   0.573387   0.575205
      0.49   0.570202   0.583571    0.57681
       0.5    0.55737   0.594044   0.575123
      0.51   0.543538   0.608137   0.574026
      0.52   0.535705   0.614155   0.572254
      0.53   0.518873   0.628301   0.568368
      0.54   0.510374    0.64316   0.569124
      0.55   0.495542    0.66089   0.566395
      0.56   0.487709   0.672212   0.565287
      0.57   0.466711   0.689749   0.556722
      0.58   0.457379   0.704317   0.554602
      0.59   0.433131   0.716069   0.539769
       0.6   0.426381   0.728772   0.537997
      0.61   0.400717   0.751592   0.522734
      0.62   0.383801   0.759457   0.509912
      0.63   0.373636   0.764706   0.501996
      0.64   0.356804   0.775731   0.488786
      0.65   0.351804   0.776644   0.484252
      0.66   0.338555   0.784841   0.473051
      0.67   0.327139   0.796675    0.46382
      0.68   0.309474   0.797538   0.445916
      0.69   0.296559    0.79627   0.432164
       0.7   0.286059   0.803354   0.421891
      0.71   0.272727   0.805648   0.407506
      0.72   0.267894   0.805556   0.402075
      0.73   0.257562   0.802218   0.389931
      0.74   0.242313   0.798095   0.371756
      0.75   0.229898   0.797938   0.356952
      0.76   0.222815   0.803922   0.348922
      0.77   0.207566   0.801909   0.329774
      0.78   0.201567   0.798489   0.321879
      0.79   0.187651   0.794038   0.303563
       0.8   0.174652    0.80117   0.286786
      0.81    0.16107   0.821429   0.269329
      0.82   0.153571   0.851301   0.260202
      0.83   0.136072   0.858921   0.234926
      0.84    0.12524   0.905473   0.220044
      0.85   0.118823   0.904255   0.210046
      0.86  0.0973252   0.922581   0.176076
      0.87  0.0929089   0.963504   0.169476
      0.88  0.0808266   0.982456   0.149365
      0.89  0.0750771   0.990654   0.139576
       0.9  0.0637447          1    0.11985
      0.91   0.052579          1   0.099905
      0.92   0.052329          1  0.0994536
      0.93  0.0452462          1  0.0865753
      0.94  0.0410799          1  0.0789179
      0.95  0.0338305          1  0.0654469
      0.96  0.0338305          1  0.0654469
      0.97   0.028581          1  0.0555736
      0.98  0.0279977          1  0.0544703
      0.99  0.0269144          1   0.052418
