         0          1   0.214804   0.353644
      0.01   0.949466    0.46403   0.623392
      0.02   0.949466    0.46403   0.623392
      0.03   0.949466    0.46403   0.623392
      0.04   0.949466    0.46403   0.623392
      0.05   0.949466    0.46403   0.623392
      0.06   0.949466     0.4643   0.623635
      0.07   0.949466   0.464659   0.623959
      0.08   0.949466    0.46692   0.625994
      0.09   0.949466   0.470531   0.629231
       0.1   0.949466   0.476432   0.634486
      0.11   0.949466   0.483495   0.640719
      0.12   0.949168   0.487392   0.644062
      0.13   0.945883   0.495467   0.650299
      0.14   0.943719   0.499028   0.652841
      0.15   0.939987   0.505869   0.657756
      0.16   0.933418   0.514085   0.663013
      0.17   0.929462   0.527574   0.673093
      0.18   0.927297   0.536094   0.679406
      0.19   0.919833   0.551049    0.68921
       0.2   0.915503   0.562391   0.696763
      0.21   0.909084   0.579611   0.707888
      0.22   0.903784   0.597393   0.719321
      0.23   0.898933   0.607698   0.725167
      0.24   0.894678   0.625535   0.736281
      0.25   0.890423   0.639554   0.744421
      0.26   0.879973   0.652664   0.749462
      0.27   0.876689   0.659891   0.752996
      0.28   0.865791   0.668248     0.7543
      0.29    0.85855   0.674462   0.755453
       0.3   0.854072    0.68351   0.759331
      0.31   0.842502   0.690997   0.759265
      0.32   0.836754   0.698909   0.761645
      0.33   0.829887   0.707395   0.763761
      0.34   0.825334   0.711798   0.764373
      0.35   0.811973   0.720191   0.763333
      0.36   0.804508   0.726362   0.763441
      0.37   0.789356   0.731849   0.759515
      0.38   0.784728   0.737404    0.76033
      0.39   0.776219   0.741844   0.758642
       0.4   0.767187   0.746698   0.756804
      0.41   0.757483   0.752473   0.754969
      0.42   0.743301   0.758453     0.7508
      0.43   0.736508   0.762408   0.749234
      0.44   0.720609   0.764616   0.741961
      0.45   0.713369    0.77027   0.740728
      0.46   0.694335   0.775403   0.732633
      0.47   0.676495   0.774477   0.722177
      0.48   0.657087   0.777582   0.712275
      0.49   0.648056   0.778502   0.707315
       0.5   0.631485   0.784121   0.699574
      0.51   0.620064   0.792475   0.695748
      0.52   0.607673   0.794694   0.688713
      0.53   0.589684   0.800085   0.678958
      0.54   0.573113   0.799299   0.667567
      0.55   0.559454    0.80553   0.660311
      0.56   0.543331   0.809182   0.650128
      0.57   0.528029   0.813534   0.640401
      0.58   0.514145   0.819596   0.631893
      0.59    0.49944   0.829694   0.623538
       0.6   0.488617   0.832674    0.61585
      0.61    0.48272   0.831093   0.610719
      0.62   0.470702   0.836722   0.602478
      0.63   0.460178   0.841768   0.595052
      0.64   0.447414   0.850936   0.586468
      0.65   0.436441   0.852414   0.577301
      0.66   0.420318   0.852752   0.563091
      0.67     0.4136    0.85767   0.558075
      0.68   0.403896   0.862791    0.55022
      0.69   0.394267   0.870994    0.54282
       0.7   0.379936   0.878173   0.530398
      0.71    0.36762   0.883968   0.519283
      0.72   0.359857   0.889604   0.512429
      0.73   0.344032    0.89545   0.497084
      0.74   0.339255    0.89703   0.492317
      0.75   0.327909   0.897516   0.480329
      0.76   0.321341   0.900969   0.473723
      0.77     0.3088   0.909091   0.461006
      0.78   0.306785   0.912383   0.459175
      0.79   0.296484   0.912237   0.447521
       0.8   0.285512   0.913882   0.435093
      0.81   0.279689   0.921303    0.42911
      0.82   0.275584   0.926829   0.424845
      0.83   0.266925   0.931649   0.414961
      0.84   0.262074   0.935385   0.409433
      0.85   0.251474   0.935229   0.396369
      0.86   0.239755    0.93617   0.381745
      0.87   0.235277   0.936667   0.376086
      0.88   0.230574     0.9375   0.370119
      0.89   0.223781     0.9375   0.361317
       0.9   0.221393   0.937153   0.358171
      0.91   0.214824   0.937622   0.349559
      0.92   0.211391    0.93988   0.345152
      0.93   0.206987   0.948718   0.339831
      0.94   0.203329   0.946785   0.334765
      0.95   0.192879   0.945626   0.320405
      0.96   0.192133   0.944712   0.319322
      0.97   0.189445   0.947368    0.31575
      0.98   0.188699   0.948849   0.314794
      0.99   0.184519   0.951087   0.309075
