         0          1   0.406617   0.578148
      0.01   0.877834   0.588185   0.704396
      0.02   0.877834   0.588185   0.704396
      0.03   0.877834   0.588185   0.704396
      0.04   0.877834   0.588185   0.704396
      0.05   0.877834   0.588185   0.704396
      0.06   0.877834   0.588185   0.704396
      0.07   0.877834   0.588185   0.704396
      0.08   0.877834   0.588185   0.704396
      0.09   0.877834   0.588185   0.704396
       0.1   0.877834   0.588185   0.704396
      0.11   0.877834   0.588248   0.704441
      0.12   0.877834   0.588257   0.704448
      0.13   0.877834   0.588392   0.704544
      0.14   0.877676   0.588496   0.704568
      0.15   0.877358   0.589114   0.704908
      0.16   0.876724    0.58987   0.705244
      0.17   0.875535   0.591285   0.705868
      0.18   0.874861   0.591947    0.70612
      0.19   0.871968   0.594151   0.706737
       0.2   0.868797   0.596038   0.707023
      0.21   0.865031   0.598227   0.707305
      0.22   0.859997   0.601127    0.70763
      0.23   0.854606   0.602218    0.70655
      0.24   0.848977   0.605594   0.706924
      0.25   0.843507   0.608238   0.706809
      0.26   0.836531   0.612374   0.707113
      0.27   0.832726   0.615883   0.708075
      0.28   0.823767   0.620886   0.708081
      0.29   0.818297   0.624973   0.708687
       0.3   0.809735   0.631587   0.709651
      0.31   0.798478   0.637355   0.708876
      0.32   0.788449   0.640098   0.706571
      0.33   0.778342   0.646225   0.706157
      0.34   0.773149   0.649507   0.705955
      0.35   0.759355   0.657335   0.704672
      0.36   0.750317   0.661743   0.703252
      0.37   0.732837   0.666083   0.697867
      0.38   0.722332   0.670548   0.695478
      0.39   0.707904   0.675523   0.691334
       0.4    0.69296   0.678479   0.685643
      0.41   0.683962   0.686545   0.685251
      0.42   0.666244   0.693671   0.679681
      0.43   0.656295   0.696365   0.675736
      0.44   0.640836    0.70394   0.670907
      0.45   0.631243   0.710204     0.6684
      0.46   0.613247   0.719538   0.662154
      0.47    0.59759   0.722065   0.653957
      0.48   0.581695   0.724186   0.645167
      0.49   0.569684   0.726758   0.638706
       0.5   0.556088    0.73182   0.631965
      0.51   0.540947   0.734952     0.6232
      0.52   0.529332   0.738363   0.616614
      0.53   0.517282   0.747812   0.611543
      0.54   0.508245   0.754562   0.607381
      0.55   0.495719   0.757666    0.59932
      0.56   0.486285   0.760825   0.593336
      0.57   0.467179   0.763208   0.579582
      0.58    0.46052   0.765825   0.575169
      0.59   0.442167   0.764546   0.560294
       0.6   0.431782   0.766488   0.552389
      0.61   0.408158   0.768268   0.533097
      0.62   0.395037   0.770498   0.522293
      0.63   0.378231   0.771719   0.507653
      0.64   0.359204   0.772162   0.490317
      0.65   0.349413   0.770746    0.48084
      0.66   0.332844   0.769673   0.464721
      0.67   0.319288   0.767709   0.451005
      0.68   0.304622   0.764964   0.435729
      0.69   0.294593   0.760749   0.424718
       0.7   0.276994   0.752141   0.404881
      0.71   0.260465   0.741843   0.385558
      0.72   0.252775   0.736904   0.376427
      0.73   0.241993   0.725186    0.36289
      0.74    0.23022   0.717237   0.348559
      0.75   0.213929   0.705842   0.328343
      0.76   0.210203   0.699792   0.323295
      0.77   0.196092   0.691027   0.305494
      0.78   0.192088   0.682982   0.299845
      0.79   0.185627   0.674219   0.291106
       0.8    0.18095   0.665856   0.284567
      0.81   0.169177       0.65   0.268477
      0.82   0.157048   0.631723   0.251558
      0.83   0.150428   0.622055   0.242269
      0.84   0.134335   0.601196   0.219601
      0.85   0.129459   0.593047   0.212525
      0.86   0.123117    0.57618   0.202883
      0.87   0.119946   0.566851   0.197996
      0.88   0.108689   0.548463   0.181425
      0.89   0.102862   0.539586   0.172785
       0.9  0.0935072   0.524841   0.158734
      0.91    0.09101   0.507285   0.154332
      0.92  0.0863326    0.48892   0.146752
      0.93   0.080268   0.463811   0.136852
      0.94  0.0766212   0.455235   0.131166
      0.95  0.0683368   0.435897   0.118151
      0.96   0.065245   0.426689   0.113183
      0.97  0.0608451   0.411966    0.10603
      0.98  0.0591803   0.403509   0.103222
      0.99  0.0560488   0.394545   0.098154
