         0          1   0.364376   0.534128
      0.01   0.957472   0.398966   0.563238
      0.02   0.957472   0.398966   0.563238
      0.03   0.957472   0.398966   0.563238
      0.04   0.957472   0.398966   0.563238
      0.05   0.957472   0.398966   0.563238
      0.06   0.957472   0.398966   0.563238
      0.07   0.957472   0.398966   0.563238
      0.08   0.957472   0.398966   0.563238
      0.09   0.957472   0.398966   0.563238
       0.1   0.957472   0.398966   0.563238
      0.11   0.957472   0.398966   0.563238
      0.12   0.957472   0.398966   0.563238
      0.13   0.957472   0.398966   0.563238
      0.14   0.957472   0.398966   0.563238
      0.15   0.957472   0.398966   0.563238
      0.16   0.957472   0.398966   0.563238
      0.17   0.957472   0.398966   0.563238
      0.18   0.957472   0.398995   0.563267
      0.19   0.957472   0.399112   0.563384
       0.2    0.95742   0.399215   0.563477
      0.21    0.95742   0.399258    0.56352
      0.22   0.957213   0.399617   0.563842
      0.23   0.957213   0.399941   0.564164
      0.24   0.956695   0.400732   0.564861
      0.25   0.956695   0.401336    0.56546
      0.26   0.956436   0.402639   0.566707
      0.27   0.956022   0.403995   0.567976
      0.28   0.955607   0.405468   0.569356
      0.29   0.955297   0.406398   0.570216
       0.3   0.954209   0.409391   0.572961
      0.31   0.953225   0.412546   0.575864
      0.32   0.951671    0.41596   0.578895
      0.33   0.949029   0.420965   0.583226
      0.34   0.947112   0.424366   0.586115
      0.35   0.943072   0.429512   0.590216
      0.36   0.939757    0.43436   0.594117
      0.37   0.932246      0.442   0.599678
      0.38   0.928775   0.446788   0.603339
      0.39   0.921782   0.455993   0.610152
       0.4    0.91914   0.462396   0.615267
      0.41   0.911059   0.471282   0.621216
      0.42   0.901994   0.480909   0.627343
      0.43    0.89381   0.486634   0.630171
      0.44   0.881378   0.496416   0.635117
      0.45   0.870189   0.502678   0.637243
      0.46   0.855219   0.513091   0.641383
      0.47   0.844341   0.518935   0.642802
      0.48   0.831339   0.528685   0.646336
      0.49   0.822067   0.535641   0.648641
       0.5   0.806579    0.54581   0.651054
      0.51   0.789692     0.5555    0.65221
      0.52   0.780471   0.562858   0.654039
      0.53   0.764517   0.572953   0.655016
      0.54   0.757835   0.581016   0.657749
      0.55   0.744367   0.590355   0.658476
      0.56   0.731572   0.596622   0.657242
      0.57   0.714893   0.606977    0.65653
      0.58   0.704895   0.612318   0.655353
      0.59   0.685366   0.621235   0.651727
       0.6   0.675058   0.627041   0.650164
      0.61   0.652007   0.635854   0.643829
      0.62   0.631805    0.64609   0.638868
      0.63   0.622637   0.650276   0.636156
      0.64   0.600363   0.657193   0.627493
      0.65    0.58907   0.660738   0.622849
      0.66   0.575395   0.666771   0.617722
      0.67   0.563947   0.671186   0.612911
      0.68   0.550531   0.677359   0.607395
      0.69    0.54675   0.682829   0.607259
       0.7   0.524942   0.689914   0.596227
      0.71   0.507123   0.695988   0.586731
      0.72   0.501476   0.702493   0.585203
      0.73   0.489148    0.70809     0.5786
      0.74    0.48231   0.711704   0.574972
      0.75   0.465682   0.720145   0.565612
      0.76   0.458741   0.723598   0.561504
      0.77   0.449987   0.730618   0.556949
      0.78   0.443875   0.736255   0.553846
      0.79   0.432997   0.744311   0.547493
       0.8   0.421652   0.750906   0.540052
      0.81   0.410205   0.756757   0.532023
      0.82   0.399016   0.762995      0.524
      0.83   0.392696   0.765178   0.519024
      0.84   0.379798   0.768788   0.508424
      0.85   0.373012   0.769825   0.502528
      0.86     0.3626   0.773585   0.493761
      0.87   0.355866   0.778931   0.488537
      0.88   0.340896   0.780498   0.474532
      0.89   0.332349   0.779468   0.466004
       0.9   0.320642   0.780063   0.454474
      0.91   0.309868   0.784895   0.444322
      0.92    0.29438   0.786427   0.428399
      0.93   0.282051   0.794133    0.41626
      0.94   0.274074    0.80067   0.408363
      0.95   0.264025   0.805996   0.397755
      0.96   0.258068   0.811506   0.391602
      0.97   0.250246   0.816431   0.383075
      0.98   0.239213   0.820359   0.370414
      0.99   0.233048    0.82514   0.363447
