         0          1   0.374026   0.544424
      0.01   0.745755   0.334555   0.461897
      0.02   0.745755   0.334555   0.461897
      0.03   0.745755   0.334555   0.461897
      0.04   0.745755   0.334555   0.461897
      0.05   0.745755   0.334555   0.461897
      0.06   0.745755   0.334555   0.461897
      0.07   0.745755   0.334555   0.461897
      0.08   0.745755   0.334555   0.461897
      0.09   0.745755    0.33457   0.461911
       0.1   0.745755    0.33457   0.461911
      0.11   0.745755    0.33457   0.461911
      0.12   0.745755   0.334585   0.461926
      0.13   0.745755   0.334585   0.461926
      0.14   0.745755   0.334585   0.461926
      0.15   0.745755   0.334585   0.461926
      0.16   0.745755   0.334585   0.461926
      0.17   0.745755   0.334585   0.461926
      0.18   0.745755   0.334585   0.461926
      0.19   0.745755   0.334659   0.461996
       0.2   0.745755   0.334688   0.462024
      0.21   0.745755   0.334792   0.462123
      0.22   0.745397   0.334897   0.462154
      0.23   0.745397   0.335016   0.462268
      0.24   0.745397   0.335271    0.46251
      0.25   0.745397   0.335288   0.462526
      0.26   0.745159   0.335576   0.462754
      0.27   0.744861   0.335863    0.46297
      0.28   0.744801   0.336366   0.463436
      0.29   0.744742   0.337188   0.464204
       0.3   0.743908   0.338176   0.464976
      0.31   0.742001   0.339077   0.465452
      0.32   0.741941    0.33962   0.465953
      0.33   0.740154   0.340776   0.466684
      0.34   0.739379   0.341603   0.467305
      0.35   0.738485   0.342566   0.468026
      0.36   0.737711   0.343172   0.468435
      0.37   0.735506   0.344329   0.469064
      0.38   0.734314   0.345135   0.469569
      0.39   0.732229   0.346345   0.470258
       0.4   0.730144    0.34724    0.47065
      0.41   0.726688   0.348886   0.471434
      0.42   0.723411   0.350883   0.472557
      0.43   0.720431     0.3519   0.472839
      0.44   0.715367   0.353939   0.473571
      0.45   0.711255   0.354333   0.473018
      0.46    0.70345   0.355836   0.472607
      0.47   0.695704   0.356615   0.471527
      0.48   0.684919   0.357516   0.469803
      0.49   0.681225   0.359068   0.470263
       0.5    0.67193   0.359156   0.468104
      0.51   0.667104   0.359877   0.467536
      0.52    0.66049   0.362104   0.467763
      0.53   0.647858   0.363413   0.465632
      0.54   0.641959   0.364004   0.464581
      0.55   0.630757   0.365107   0.462501
      0.56   0.620807   0.366895   0.461214
      0.57   0.604004   0.369129   0.458222
      0.58   0.597867    0.37158   0.458314
      0.59   0.584937   0.372564   0.455198
       0.6    0.57588   0.374065   0.453535
      0.61   0.562951   0.376551   0.451259
      0.62   0.545731   0.380258    0.44821
      0.63   0.533695    0.38178   0.445133
      0.64   0.517905   0.385617   0.442076
      0.65   0.509504   0.389289   0.441357
      0.66   0.492403    0.39209   0.436558
      0.67   0.479831   0.396409   0.434149
      0.68   0.458619   0.402499    0.42873
      0.69   0.450813   0.408291     0.4285
       0.7   0.439373   0.414327   0.426483
      0.71   0.421677   0.422542   0.422109
      0.72   0.410475   0.427923   0.419017
      0.73    0.39832   0.435571   0.416113
      0.74   0.389501   0.442491   0.414309
      0.75   0.377763   0.454995   0.412798
      0.76   0.373831    0.46165   0.413125
      0.77   0.364476   0.473232   0.411794
      0.78   0.353334   0.477011   0.405962
      0.79    0.33814   0.484896   0.398434
       0.8    0.31955   0.489796   0.386767
      0.81   0.307037   0.497105   0.379608
      0.82   0.284276   0.505743   0.363967
      0.83   0.272538   0.510975   0.355476
      0.84   0.251028   0.519027   0.338392
      0.85   0.242329   0.523988   0.331396
      0.86   0.232497   0.533604   0.323877
      0.87   0.221832   0.538203   0.314171
      0.88   0.212775   0.550709   0.306954
      0.89   0.201156   0.553452   0.295068
       0.9   0.186737   0.565432   0.280753
      0.91   0.173271   0.580887   0.266922
      0.92   0.169457   0.591954   0.263487
      0.93   0.162843   0.606891   0.256785
      0.94   0.154561   0.618687   0.247333
      0.95    0.14896   0.643446   0.241916
      0.96   0.146934   0.655438   0.240054
      0.97   0.139427   0.666318   0.230601
      0.98   0.133647   0.677278   0.223242
      0.99    0.12608   0.702899   0.213809
