         0          1   0.176767   0.300428
      0.01   0.973986   0.244346   0.390681
      0.02   0.973986   0.244346   0.390681
      0.03   0.973986   0.244346   0.390681
      0.04   0.973986   0.244346   0.390681
      0.05   0.973986   0.244346   0.390681
      0.06   0.973986   0.244346   0.390681
      0.07   0.973986   0.244346   0.390681
      0.08   0.973986   0.244346   0.390681
      0.09   0.973986   0.244346   0.390681
       0.1   0.973986   0.244346   0.390681
      0.11   0.973986   0.244346   0.390681
      0.12   0.973986   0.244346   0.390681
      0.13   0.973986   0.244346   0.390681
      0.14   0.973986   0.244346   0.390681
      0.15   0.973986   0.244346   0.390681
      0.16   0.973986   0.244346   0.390681
      0.17   0.973986   0.244377    0.39072
      0.18   0.973986   0.244377    0.39072
      0.19   0.973986   0.244454   0.390819
       0.2   0.973986   0.244563   0.390958
      0.21   0.973986   0.244842   0.391315
      0.22   0.973986     0.2452   0.391772
      0.23   0.973986   0.245606    0.39229
      0.24   0.973986   0.246343    0.39323
      0.25   0.973986    0.24688   0.393913
      0.26   0.973986   0.247688   0.394941
      0.27   0.973986   0.247987   0.395321
      0.28   0.973986   0.249352   0.397054
      0.29   0.973986    0.25013   0.398039
       0.3   0.973986   0.251933   0.400319
      0.31   0.973808    0.25378   0.402631
      0.32   0.973808   0.255451   0.404732
      0.33   0.973808   0.258268    0.40826
      0.34   0.973808   0.260321   0.410821
      0.35   0.973629   0.263324   0.414535
      0.36   0.973094   0.265995   0.417788
      0.37   0.973094   0.270391    0.42319
      0.38   0.973049   0.273403   0.426867
      0.39   0.972558   0.278122   0.432548
       0.4   0.972558   0.281365    0.43646
      0.41   0.972558    0.28666   0.442804
      0.42   0.969925   0.291054   0.447748
      0.43   0.969524   0.293798   0.450945
      0.44   0.964437   0.297677   0.454936
      0.45   0.961938   0.300072   0.457447
      0.46   0.951586   0.303235   0.459913
      0.47   0.941859   0.305122   0.460924
      0.48   0.928517   0.309302    0.46403
      0.49    0.92352    0.31218   0.466625
       0.5   0.916336   0.317401   0.471488
      0.51   0.910669   0.321448    0.47517
      0.52   0.901611   0.324618   0.477364
      0.53   0.891705   0.330258   0.481999
      0.54   0.889697   0.333784   0.485445
      0.55   0.885324    0.33869   0.489947
      0.56   0.884432   0.343498   0.494817
      0.57   0.883316   0.350494   0.501855
      0.58   0.880594   0.354366   0.505365
      0.59   0.879657   0.360753   0.511667
       0.6   0.876177   0.364274   0.514601
      0.61    0.87051   0.370116   0.519398
      0.62   0.861229   0.377546    0.52496
      0.63   0.859042   0.381608    0.52846
      0.64   0.854982   0.387397   0.533199
      0.65   0.851457   0.390984    0.53589
      0.66   0.844362   0.397451   0.540488
      0.67   0.841328   0.401263   0.543371
      0.68   0.832582   0.406872   0.546618
      0.69   0.823524    0.41002   0.547465
       0.7   0.815983   0.418081   0.552884
      0.71   0.812815   0.425455   0.558547
      0.72   0.811075   0.429927    0.56197
      0.73   0.809469   0.439272   0.569496
      0.74   0.808353   0.445075    0.57407
      0.75   0.804962    0.45248   0.579318
      0.76   0.803846   0.458397   0.583851
      0.77   0.800723   0.466572   0.589594
      0.78   0.796662   0.470749   0.591801
      0.79   0.790862   0.479264   0.596841
       0.8   0.789032   0.486098   0.601581
      0.81   0.785373   0.494766   0.607084
      0.82   0.780465   0.502844   0.611626
      0.83   0.779662   0.510674   0.617131
      0.84   0.776226   0.519219   0.622228
      0.85    0.77578   0.525544   0.626603
      0.86   0.771898   0.535374   0.632239
      0.87   0.768507   0.541187   0.635119
      0.88   0.765874   0.548417   0.639156
      0.89   0.763821   0.552952   0.641502
       0.9   0.760386    0.56024   0.645146
      0.91   0.758511   0.570307   0.651081
      0.92   0.758199   0.575871   0.654575
      0.93   0.756727   0.583925   0.659189
      0.94   0.756459   0.590324   0.663145
      0.95   0.755522   0.598579   0.667955
      0.96   0.754139   0.604446   0.671045
      0.97   0.753603   0.614795   0.677159
      0.98   0.750346   0.621006   0.679576
      0.99   0.749587    0.63119   0.685312
