         0          1   0.361785    0.53134
      0.01   0.965003   0.382162   0.547502
      0.02   0.965003   0.382162   0.547502
      0.03   0.965003   0.382162   0.547502
      0.04   0.965003   0.382162   0.547502
      0.05   0.965003   0.382162   0.547502
      0.06   0.965003   0.382162   0.547502
      0.07   0.965003   0.382162   0.547502
      0.08   0.965003   0.382162   0.547502
      0.09   0.965003   0.382162   0.547502
       0.1   0.965003   0.382162   0.547502
      0.11   0.965003   0.382162   0.547502
      0.12   0.965003   0.382162   0.547502
      0.13   0.965003   0.382162   0.547502
      0.14   0.965003   0.382162   0.547502
      0.15   0.965003   0.382162   0.547502
      0.16   0.965003   0.382162   0.547502
      0.17   0.965003   0.382176   0.547516
      0.18   0.965003   0.382234   0.547575
      0.19   0.965003   0.382334   0.547678
       0.2   0.965003   0.382521    0.54787
      0.21   0.965003   0.383016   0.548377
      0.22   0.964878   0.383511   0.548864
      0.23   0.964878   0.384238   0.549608
      0.24   0.964878   0.386361   0.551777
      0.25   0.964878   0.387563   0.553001
      0.26   0.964598   0.389656   0.555082
      0.27   0.964379   0.392028   0.557449
      0.28   0.963724   0.396651   0.561995
      0.29   0.963631   0.400233   0.565565
       0.3    0.96335   0.405789   0.571041
      0.31   0.962633   0.412677   0.577697
      0.32   0.962165   0.418285   0.583084
      0.33   0.961229   0.425777   0.590147
      0.34   0.958858   0.430246   0.593973
      0.35   0.956581   0.438373   0.601223
      0.36   0.951653   0.444412   0.605883
      0.37   0.947286   0.454153   0.613959
      0.38   0.943419   0.460699   0.619082
      0.39   0.934311   0.470563   0.625895
       0.4   0.930287    0.47938   0.632718
      0.41   0.923518   0.490353   0.640581
      0.42   0.916532   0.500628    0.64755
      0.43   0.909295   0.508264   0.652053
      0.44   0.896288   0.518427   0.656895
      0.45   0.888459   0.526225   0.660967
      0.46   0.873737   0.539824   0.667342
      0.47   0.862009   0.547259   0.669486
      0.48   0.853337   0.559383   0.675778
      0.49   0.843855   0.567608   0.678698
       0.5   0.831192   0.579035    0.68257
      0.51    0.82068   0.590225   0.686631
      0.52   0.809763   0.597573   0.687672
      0.53   0.792233   0.606869   0.687272
      0.54   0.776326   0.612809   0.684943
      0.55   0.754616   0.622904   0.682463
      0.56   0.743325   0.631281   0.682737
      0.57   0.730942   0.643453   0.684413
      0.58   0.724017    0.65348   0.686943
      0.59   0.710137   0.667052   0.687921
       0.6   0.702807   0.674233   0.688224
      0.61   0.691765   0.688818   0.690289
      0.62   0.677729   0.704441   0.690827
      0.63   0.672364   0.714235   0.692668
      0.64   0.655864   0.723822   0.688169
      0.65   0.645477   0.729366   0.684862
      0.66   0.632626   0.744465   0.684004
      0.67   0.623737   0.751988   0.681884
      0.68   0.604648   0.761818   0.674194
      0.69   0.592545   0.768827   0.669273
       0.7    0.57801   0.780943   0.664324
      0.71   0.561666   0.793536   0.657765
      0.72   0.553182   0.801387   0.654544
      0.73   0.538927   0.810938   0.647526
      0.74   0.528509   0.816759   0.641752
      0.75   0.510792   0.823244   0.630428
      0.76   0.500187    0.82562   0.622963
      0.77   0.482564    0.82632   0.609301
      0.78   0.472302   0.831231   0.602351
      0.79   0.459264   0.839827   0.593803
       0.8   0.446351   0.841612   0.583331
      0.81   0.428228   0.843399    0.56804
      0.82   0.412352   0.846014   0.554458
      0.83   0.400437   0.850397   0.544485
      0.84   0.386089   0.859623   0.532853
      0.85   0.379538   0.866016   0.527775
      0.86   0.364099   0.875948   0.514386
      0.87   0.353213   0.880672   0.504204
      0.88   0.342732   0.887258   0.494462
      0.89   0.336463   0.892662   0.488718
       0.9   0.329164   0.900821   0.482149
      0.91   0.319183   0.908367    0.47238
      0.92   0.312601    0.91102   0.465481
      0.93   0.299345   0.916009   0.451231
      0.94    0.29476   0.919118    0.44637
      0.95   0.287679   0.931941   0.439645
      0.96   0.283531   0.939151   0.435564
      0.97   0.276606   0.948954   0.428354
      0.98   0.271865   0.956072   0.423349
      0.99   0.263506   0.956482   0.413182
