         0          1   0.298178   0.459379
      0.01    0.93572   0.299648   0.453933
      0.02    0.93572   0.299648   0.453933
      0.03    0.93572   0.299648   0.453933
      0.04    0.93572   0.299648   0.453933
      0.05    0.93572   0.299648   0.453933
      0.06    0.93572   0.299648   0.453933
      0.07    0.93572   0.299648   0.453933
      0.08    0.93572   0.299648   0.453933
      0.09    0.93572   0.299648   0.453933
       0.1    0.93572   0.299648   0.453933
      0.11    0.93572   0.299648   0.453933
      0.12    0.93572   0.299648   0.453933
      0.13    0.93572   0.299648   0.453933
      0.14    0.93572   0.299648   0.453933
      0.15    0.93572   0.299674   0.453962
      0.16    0.93572     0.2997   0.453992
      0.17    0.93572   0.299783   0.454087
      0.18    0.93572   0.299922   0.454246
      0.19   0.935561     0.3001   0.454432
       0.2   0.935561   0.300262   0.454617
      0.21   0.935084   0.300849   0.455233
      0.22   0.934871   0.301675   0.456153
      0.23   0.934871   0.302341   0.456914
      0.24   0.934288   0.304299   0.459077
      0.25   0.934235   0.306631   0.461719
      0.26    0.93397   0.311821   0.467545
      0.27   0.933068   0.315379   0.471418
      0.28   0.930682   0.322299   0.478791
      0.29    0.92978   0.327415   0.484291
       0.3    0.92909    0.33489   0.492322
      0.31   0.926651   0.345079   0.502887
      0.32   0.925537   0.351566   0.509571
      0.33   0.921824   0.362863   0.520743
      0.34    0.92018   0.372323   0.530141
      0.35   0.913233   0.386216   0.542854
      0.36   0.908671   0.395042   0.550678
      0.37    0.89398   0.410362   0.562514
      0.38   0.885388   0.421609   0.571214
      0.39   0.872978   0.437781   0.583133
       0.4   0.863113   0.448081   0.589912
      0.41   0.850225   0.462104   0.598771
      0.42   0.835163   0.477116   0.607294
      0.43   0.823813   0.487937   0.612874
      0.44   0.812039   0.502821    0.62107
      0.45   0.801432   0.511786   0.624667
      0.46   0.781596    0.52603   0.628839
      0.47   0.768656   0.535153   0.630995
      0.48   0.749191   0.549514   0.634002
      0.49   0.735296   0.558059   0.634533
       0.5   0.708406   0.573636   0.633937
      0.51   0.690162   0.588329    0.63519
      0.52   0.677645    0.59807   0.635376
      0.53   0.662636    0.61331   0.637019
      0.54   0.651923   0.620747   0.635953
      0.55    0.63808     0.6289   0.633457
      0.56   0.626783   0.635984    0.63135
      0.57   0.608857   0.642871   0.625402
      0.58   0.598091   0.648221   0.622148
      0.59   0.584301   0.659172   0.619483
       0.6   0.573376   0.665647   0.616076
      0.61   0.556351   0.675017   0.609966
      0.62   0.541448   0.683887   0.604388
      0.63   0.525855   0.690677   0.597101
      0.64   0.500186   0.702495   0.584325
      0.65   0.489578   0.709226    0.57928
      0.66   0.474516   0.721634   0.572548
      0.67     0.4655   0.728305   0.567976
      0.68   0.443278   0.736878   0.553557
      0.69   0.436118   0.740806   0.549022
       0.7   0.416282   0.748503   0.535014
      0.71   0.401008   0.755416   0.523904
      0.72     0.3869   0.760164   0.512801
      0.73   0.372209   0.762153   0.500158
      0.74   0.358738   0.765794   0.488593
      0.75   0.348926   0.771402   0.480506
      0.76   0.334023   0.774744   0.466793
      0.77   0.322461   0.778684   0.456062
      0.78   0.314028   0.780693   0.447894
      0.79   0.308724   0.786301   0.443369
       0.8   0.303368    0.78805   0.438089
      0.81   0.299072   0.794917   0.434625
      0.82   0.280403    0.79361   0.414391
      0.83   0.274198   0.791156   0.407251
      0.84   0.268099   0.789435   0.400264
      0.85   0.261098   0.784056   0.391742
      0.86   0.251816   0.786953   0.381543
      0.87   0.249377   0.796596   0.379843
      0.88   0.246036   0.813393   0.377795
      0.89   0.240679   0.813953   0.371507
       0.9   0.232405    0.82652   0.362797
      0.91   0.224662   0.831377   0.353735
      0.92    0.21485   0.840317   0.342206
      0.93    0.20647   0.850187   0.332252
      0.94   0.199947   0.858073   0.324321
      0.95   0.192999   0.877372   0.316399
      0.96    0.18271   0.879365   0.302557
      0.97   0.179581   0.886288   0.298649
      0.98   0.172527   0.901434   0.289623
      0.99   0.169875   0.916667   0.286632
