         0          1    0.48887   0.656699
      0.01   0.930248   0.562859   0.701354
      0.02   0.930248   0.562859   0.701354
      0.03   0.930248   0.562859   0.701354
      0.04   0.930248   0.562859   0.701354
      0.05   0.930248   0.562859   0.701354
      0.06   0.930248   0.562859   0.701354
      0.07   0.930248   0.562859   0.701354
      0.08   0.930248   0.562859   0.701354
      0.09   0.930248   0.562859   0.701354
       0.1   0.930248   0.562859   0.701354
      0.11   0.930248   0.562859   0.701354
      0.12   0.930248   0.562887   0.701376
      0.13   0.930248   0.562915   0.701397
      0.14   0.930248   0.562915   0.701397
      0.15   0.930248   0.563004   0.701467
      0.16   0.930248    0.56317   0.701595
      0.17   0.930248   0.563287   0.701686
      0.18   0.930199   0.563521   0.701854
      0.19   0.930199   0.564546   0.702649
       0.2   0.930199   0.565262   0.703203
      0.21   0.930199   0.567589   0.705001
      0.22   0.930077   0.569978   0.706805
      0.23   0.929881   0.572877   0.708973
      0.24   0.928194   0.577002   0.711628
      0.25   0.925774    0.58052   0.713579
      0.26   0.923109   0.586587   0.717342
      0.27   0.920811   0.591169   0.720056
      0.28   0.918684    0.60011   0.725985
      0.29   0.916703   0.606752   0.730198
       0.3   0.912938   0.618175   0.737183
      0.31   0.908855   0.631648    0.74531
      0.32   0.907608   0.641496   0.751695
      0.33   0.904723   0.657085   0.761272
      0.34   0.901447   0.667882   0.767284
      0.35   0.897218   0.685516   0.777209
      0.36    0.89377   0.697367   0.783447
      0.37   0.885971   0.713856   0.790655
      0.38   0.879884   0.724826   0.794863
      0.39     0.8725   0.742447   0.802237
       0.4   0.866584   0.753827   0.806282
      0.41   0.859151   0.769873   0.812066
      0.42   0.852623   0.789088   0.819626
      0.43   0.848467   0.801853   0.824502
      0.44   0.842453    0.81803   0.830062
      0.45   0.838663   0.831166   0.834898
      0.46   0.831671   0.844608    0.83809
      0.47   0.827319   0.853045   0.839985
      0.48   0.818395   0.866953   0.841974
      0.49   0.811061   0.875765   0.842172
       0.5   0.800034   0.885847   0.840757
      0.51   0.787443   0.894224   0.837444
      0.52   0.780964   0.898864   0.835777
      0.53   0.769449   0.907594   0.832832
      0.54   0.762897   0.913586   0.831469
      0.55   0.750721   0.922994   0.827992
      0.56   0.742091   0.928322   0.824825
      0.57   0.723828   0.934541   0.815798
      0.58   0.712899   0.939249   0.810569
      0.59   0.697448    0.94564   0.802799
       0.6    0.68581   0.949824   0.796509
      0.61   0.661997   0.955139   0.781999
      0.62   0.645005   0.959184   0.771329
      0.63   0.626449   0.961465   0.758616
      0.64   0.608821   0.962567   0.745877
      0.65   0.597893   0.964524   0.738192
      0.66   0.574837   0.965032   0.720498
      0.67   0.559092   0.967296   0.708611
      0.68   0.544814    0.97026   0.697803
      0.69   0.529852   0.972184   0.685887
       0.7   0.513569   0.973623   0.672439
      0.71   0.496382   0.976359   0.658156
      0.72   0.480441     0.9776   0.644261
      0.73   0.457655   0.979174   0.623768
      0.74   0.439318   0.980007   0.606676
      0.75   0.418733   0.980784   0.586897
      0.76    0.40509   0.982595   0.573674
      0.77    0.38536    0.98236   0.553567
      0.78   0.372916   0.981946   0.540547
      0.79   0.345704    0.98156   0.511322
       0.8   0.330717      0.982   0.494797
      0.81    0.31375   0.981876   0.475544
      0.82   0.301257   0.980931    0.46095
      0.83    0.29292   0.982384    0.45128
      0.84   0.280255   0.982544   0.436115
      0.85   0.271967   0.983161   0.426072
      0.86   0.260892   0.982935    0.41234
      0.87   0.253948   0.983746   0.403687
      0.88   0.244022   0.983558    0.39103
      0.89   0.234194   0.984424   0.378373
       0.9   0.221138    0.98588   0.361247
      0.91   0.210454   0.987522   0.346966
      0.92   0.202435   0.987873   0.336014
      0.93   0.192118   0.987167    0.32164
      0.94   0.183952   0.986515   0.310084
      0.95    0.17339   0.989888   0.295091
      0.96   0.168403   0.990621   0.287868
      0.97   0.154858   0.992405    0.26791
      0.98   0.147548   0.991925   0.256884
      0.99   0.138062   0.991254   0.242367
