         0          1   0.242084   0.389803
      0.01   0.993844    0.25232   0.402462
      0.02   0.993844    0.25232   0.402462
      0.03   0.993844    0.25232   0.402462
      0.04   0.993844    0.25232   0.402462
      0.05   0.993844    0.25232   0.402462
      0.06   0.993844    0.25232   0.402462
      0.07   0.993844    0.25232   0.402462
      0.08   0.993844    0.25232   0.402462
      0.09   0.993844    0.25232   0.402462
       0.1   0.993844    0.25232   0.402462
      0.11   0.993844    0.25232   0.402462
      0.12   0.993844    0.25232   0.402462
      0.13   0.993844   0.252347   0.402496
      0.14   0.993844   0.252347   0.402496
      0.15   0.993844   0.252409   0.402574
      0.16   0.993844    0.25247   0.402653
      0.17   0.993844   0.252868   0.403158
      0.18   0.993844   0.253222   0.403608
      0.19   0.993844   0.254326    0.40501
       0.2   0.993844   0.255451   0.406435
      0.21   0.993844   0.257849   0.409464
      0.22   0.993844   0.261263   0.413757
      0.23   0.993844   0.264004   0.417187
      0.24   0.993844    0.26978   0.424365
      0.25   0.993844   0.274319   0.429961
      0.26   0.993784   0.283053   0.440609
      0.27   0.993605   0.288908   0.447653
      0.28   0.992708   0.298434   0.458908
      0.29   0.992708   0.305716   0.467469
       0.3    0.99211    0.31585   0.479156
      0.31   0.991931   0.329431     0.4946
      0.32   0.991094   0.338379   0.504509
      0.33   0.982727   0.354412   0.520948
      0.34   0.978124   0.364664   0.531263
      0.35   0.973821   0.381212   0.547931
      0.36    0.96898   0.392665    0.55886
      0.37   0.962704   0.409803   0.574888
      0.38   0.960194   0.422147   0.586458
      0.39    0.95326   0.439164   0.601308
       0.4   0.949375   0.448957   0.609625
      0.41   0.938438   0.466789   0.623461
      0.42   0.925946   0.484685     0.6363
      0.43   0.918475   0.495213   0.643481
      0.44   0.900424   0.510534    0.65161
      0.45   0.891997   0.520846   0.657671
      0.46   0.878907   0.533809   0.664208
      0.47   0.867671   0.540629   0.666176
      0.48    0.84197     0.5551   0.669083
      0.49   0.830255    0.56503   0.672435
       0.5   0.809814   0.578164   0.674658
      0.51   0.792242   0.591519   0.677323
      0.52   0.780946   0.600593   0.678997
      0.53    0.75656    0.61268   0.677061
      0.54   0.741498   0.615306   0.672533
      0.55   0.722252   0.623484   0.669243
      0.56   0.712211   0.628121   0.667528
      0.57    0.69428   0.632687   0.662054
      0.58    0.67354    0.63625   0.654364
      0.59   0.656685    0.64053   0.648507
       0.6   0.634571   0.644241   0.639369
      0.61   0.612815   0.647821   0.629832
      0.62   0.592194   0.652255   0.620775
      0.63   0.576833   0.655827   0.613799
      0.64   0.552627   0.658379   0.600885
      0.65   0.541151   0.662587   0.595744
      0.66   0.526149   0.666544   0.588083
      0.67   0.514195    0.66834   0.581221
      0.68    0.48712   0.669947   0.564089
      0.69   0.474747   0.674488    0.55726
       0.7   0.451497   0.675079   0.541102
      0.71   0.424541    0.67869   0.522342
      0.72   0.412229    0.68313    0.51418
      0.73    0.40416   0.692308   0.510372
      0.74   0.391489   0.695103   0.500878
      0.75   0.378878   0.707438   0.493471
      0.76   0.372183   0.713639   0.489223
      0.77   0.361365   0.724569   0.482228
      0.78   0.350188   0.729231   0.473158
      0.79   0.341342   0.743706   0.467921
       0.8   0.330166   0.748499   0.458212
      0.81   0.321977   0.758357   0.452033
      0.82   0.316658   0.770349   0.448823
      0.83   0.304405   0.775694   0.437229
      0.84   0.296515   0.787234   0.430777
      0.85   0.289522   0.793949   0.424314
      0.86   0.279362   0.810225   0.415471
      0.87   0.276971   0.813439   0.413237
      0.88   0.268603   0.822018   0.404901
      0.89   0.268005   0.832864    0.40552
       0.9   0.260056   0.842773   0.397466
      0.91   0.252585   0.856562   0.390128
      0.92   0.249477   0.867016   0.387464
      0.93   0.239197   0.876788   0.375856
      0.94   0.236447   0.884222    0.37312
      0.95   0.231666   0.902265   0.368671
      0.96   0.221565   0.906863   0.356122
      0.97   0.216186   0.913265   0.349612
      0.98   0.208057   0.918075   0.339235
      0.99   0.202439   0.920912   0.331914
