         0          1   0.319512   0.484288
      0.01   0.910963     0.3002   0.451584
      0.02   0.910963     0.3002   0.451584
      0.03   0.910963     0.3002   0.451584
      0.04   0.910963     0.3002   0.451584
      0.05   0.910963     0.3002   0.451584
      0.06   0.910963     0.3002   0.451584
      0.07   0.910963     0.3002   0.451584
      0.08   0.910963     0.3002   0.451584
      0.09   0.910963     0.3002   0.451584
       0.1   0.910963     0.3002   0.451584
      0.11   0.910963     0.3002   0.451584
      0.12   0.910963     0.3002   0.451584
      0.13   0.910963     0.3002   0.451584
      0.14   0.910963     0.3002   0.451584
      0.15   0.910963     0.3002   0.451584
      0.16   0.910963     0.3002   0.451584
      0.17   0.910963   0.300176   0.451557
      0.18   0.910963   0.300151   0.451529
      0.19   0.910963   0.300112   0.451485
       0.2   0.910963   0.300088   0.451457
      0.21   0.910963   0.300081   0.451449
      0.22   0.910963   0.300067   0.451434
      0.23   0.910963   0.299835   0.451171
      0.24   0.910468   0.299683   0.450938
      0.25   0.910043   0.299432   0.450602
      0.26   0.909902   0.299412   0.450562
      0.27   0.909619   0.299154   0.450235
      0.28   0.908274   0.298433   0.449254
      0.29   0.907071   0.297859   0.448457
       0.3   0.905867   0.297602   0.448018
      0.31   0.904098   0.297703   0.447915
      0.32   0.903036   0.297612   0.447682
      0.33   0.900064   0.297005    0.44663
      0.34   0.898365   0.297044   0.446465
      0.35   0.894968   0.298224   0.447373
      0.36   0.890863   0.298856   0.447567
      0.37   0.886333   0.299117   0.447286
      0.38   0.879043   0.298914   0.446125
      0.39   0.870975   0.299408   0.445626
       0.4   0.861844   0.299034    0.44401
      0.41   0.848609     0.3001   0.443398
      0.42   0.833746   0.301386   0.442732
      0.43   0.826952   0.301757   0.442166
      0.44   0.810532   0.303047   0.441153
      0.45    0.80034   0.304164   0.440804
      0.46   0.779602   0.304874   0.438332
      0.47   0.767287   0.306058   0.437575
      0.48   0.748602   0.305715   0.434137
      0.49   0.734801   0.305108   0.431179
       0.5   0.708613    0.30477   0.426224
      0.51   0.676339   0.306128   0.421483
      0.52   0.667492   0.308483   0.421957
      0.53   0.648595   0.309732   0.419253
      0.54   0.627999   0.310508   0.415551
      0.55   0.607757    0.31165   0.412021
      0.56   0.588294   0.309943    0.40599
      0.57    0.56062   0.308929   0.398349
      0.58   0.544695   0.308533   0.393931
      0.59   0.522967   0.307202   0.387045
       0.6   0.503574   0.305373   0.380193
      0.61   0.478165   0.307231   0.374097
      0.62   0.453181   0.309108    0.36753
      0.63   0.443839   0.309134   0.364437
      0.64   0.426145    0.31035   0.359145
      0.65   0.407672   0.311065   0.352876
      0.66   0.388916   0.308985   0.344373
      0.67   0.371152   0.309055   0.337269
      0.68   0.351546   0.309552   0.329215
      0.69    0.33548   0.308191   0.321257
       0.7   0.311982   0.305815   0.308868
      0.71   0.295987   0.305383   0.300612
      0.72   0.284734   0.303165    0.29366
      0.73   0.265553   0.298316   0.280983
      0.74     0.2543    0.29401   0.272717
      0.75   0.232501   0.285377    0.25624
      0.76   0.214382   0.280563   0.243048
      0.77   0.199589   0.275328   0.231419
      0.78   0.185434   0.271526    0.22037
      0.79    0.17227   0.270561   0.210507
       0.8   0.161724   0.268463   0.201851
      0.81   0.146012   0.264495   0.188155
      0.82   0.128176   0.262065   0.172152
      0.83   0.123505   0.265847   0.168657
      0.84   0.113667   0.262341   0.158611
      0.85   0.110765   0.261295   0.155579
      0.86   0.104537   0.261487   0.149362
      0.87  0.0944157   0.257576   0.138181
      0.88  0.0821006   0.254902   0.124199
      0.89  0.0796942   0.252346   0.121133
       0.9   0.071555   0.250288   0.111292
      0.91  0.0641942   0.248383   0.102021
      0.92  0.0585321   0.250685   0.094905
      0.93  0.0561257   0.250746  0.0917211
      0.94  0.0552056   0.249216  0.0903886
      0.95  0.0510298   0.247834  0.0846333
      0.96  0.0472079   0.252319  0.0795351
      0.97  0.0434567   0.254658  0.0742439
      0.98  0.0426782   0.259259  0.0732914
      0.99  0.0386439   0.274038   0.067736
