         0          1   0.384732   0.555677
      0.01   0.866693   0.433341    0.57779
      0.02   0.866693   0.433341    0.57779
      0.03   0.866693   0.433341    0.57779
      0.04   0.866693   0.433341    0.57779
      0.05   0.866693   0.433341    0.57779
      0.06   0.866693   0.433341    0.57779
      0.07   0.866693   0.433341    0.57779
      0.08   0.866693   0.433341    0.57779
      0.09   0.866693   0.433341    0.57779
       0.1   0.866693   0.433341    0.57779
      0.11   0.866693   0.433341    0.57779
      0.12   0.866693   0.433341    0.57779
      0.13   0.866693   0.433359   0.577807
      0.14   0.866693   0.433416   0.577857
      0.15   0.866693   0.433547   0.577974
      0.16   0.866693   0.433755   0.578159
      0.17   0.866693   0.434293   0.578637
      0.18   0.866522   0.434887   0.579125
      0.19   0.866464   0.436538   0.580574
       0.2   0.865834   0.438841   0.582465
      0.21   0.864803   0.442554    0.58549
      0.22   0.864287   0.447055   0.589295
      0.23   0.863027   0.450846   0.592283
      0.24   0.861194   0.457759   0.597776
      0.25   0.858501   0.464021   0.602429
      0.26   0.852372   0.474369   0.609522
      0.27   0.848934   0.481346   0.614354
      0.28   0.841945   0.492026   0.621092
      0.29   0.834326   0.498899   0.624417
       0.3   0.824874   0.510609   0.630765
      0.31   0.813588    0.52272   0.636498
      0.32   0.804022   0.531351   0.639848
      0.33   0.791418   0.541526   0.643048
      0.34   0.782997   0.550285   0.646332
      0.35   0.771082   0.561328   0.649695
      0.36   0.758192    0.57073   0.651239
      0.37   0.736308   0.585959   0.652586
      0.38   0.728517    0.59864   0.657224
      0.39   0.713336   0.613291   0.659541
       0.4    0.70165   0.622378   0.659641
      0.41   0.681542   0.633685   0.656743
      0.42   0.656794   0.645761   0.651231
      0.43   0.643389    0.65361   0.648459
      0.44      0.625   0.661405   0.642687
      0.45   0.608845   0.669806   0.637872
      0.46   0.589711   0.675684   0.629777
      0.47   0.579743   0.678374   0.625192
      0.48   0.561641   0.680786   0.615501
      0.49   0.543481   0.681567   0.604741
       0.5   0.520681   0.686301   0.592128
      0.51    0.49874   0.681977    0.57614
      0.52   0.484361   0.682734   0.566688
      0.53   0.462935   0.682101   0.551543
      0.54   0.450332   0.681555   0.542326
      0.55   0.429938   0.680353   0.526906
      0.56   0.418194   0.677446   0.517148
      0.57   0.392931   0.670706   0.495547
      0.58   0.378151   0.667599   0.482817
      0.59   0.356382   0.664209   0.463872
       0.6    0.34544   0.662319    0.45406
      0.61   0.321838   0.662586   0.433239
      0.62   0.307802    0.66311   0.420444
      0.63    0.29371   0.663208   0.407121
      0.64    0.28483   0.666667   0.399133
      0.65   0.279216   0.667633   0.393756
      0.66   0.263634    0.66961   0.378319
      0.67   0.255557   0.668125   0.369703
      0.68   0.240548   0.670428    0.35406
      0.69   0.232757   0.672874   0.345871
       0.7   0.221643   0.677312   0.333991
      0.71   0.212592   0.678648   0.323762
      0.72   0.203884   0.677492   0.313441
      0.73   0.194775   0.681027   0.302916
      0.74   0.188073   0.676626   0.294334
      0.75   0.179995   0.680038   0.284649
      0.76   0.166533   0.675456    0.26719
      0.77   0.154274   0.673649   0.251053
      0.78   0.149118   0.681075   0.244667
      0.79   0.144478   0.677541   0.238168
       0.8   0.140868   0.679688    0.23337
      0.81   0.132963    0.68272   0.222578
      0.82   0.127062    0.68855   0.214535
      0.83   0.124542   0.684543   0.210742
      0.84   0.120532   0.681818    0.20485
      0.85   0.114918   0.683012   0.196734
      0.86   0.112683   0.681481    0.19339
      0.87   0.108731   0.675624   0.187316
      0.88   0.106267   0.678715   0.183762
      0.89   0.103918   0.681818   0.180349
       0.9   0.102372   0.682979   0.178055
      0.91   0.100367   0.691111   0.175278
      0.92  0.0989345   0.700461    0.17338
      0.93  0.0948098   0.697044   0.166916
      0.94  0.0901696   0.691517   0.159537
      0.95  0.0859303   0.687332   0.152762
      0.96  0.0855866   0.686981    0.15221
      0.97  0.0824358   0.686217    0.14719
      0.98  0.0798579   0.691131   0.143173
      0.99  0.0785403   0.686709   0.140959
