         0          1   0.289124   0.448559
      0.01   0.970665   0.378805   0.544944
      0.02   0.970665   0.378805   0.544944
      0.03   0.970665   0.378805   0.544944
      0.04   0.970665   0.378805   0.544944
      0.05   0.970665   0.378805   0.544944
      0.06   0.970665   0.378805   0.544944
      0.07   0.970665   0.378805   0.544944
      0.08   0.970665   0.378805   0.544944
      0.09   0.970665   0.378805   0.544944
       0.1   0.970665   0.378805   0.544944
      0.11   0.970665   0.378805   0.544944
      0.12   0.970665   0.378805   0.544944
      0.13   0.970665    0.37887   0.545012
      0.14   0.970665   0.378892   0.545034
      0.15   0.970665   0.379002   0.545148
      0.16   0.970665   0.379178    0.54533
      0.17   0.970665   0.379509   0.545672
      0.18   0.970665    0.37998   0.546159
      0.19   0.970665   0.380963   0.547174
       0.2   0.970665   0.381487   0.547713
      0.21   0.970665    0.38281   0.549076
      0.22   0.970471   0.385288   0.551589
      0.23   0.970277   0.387009   0.553319
      0.24   0.970277   0.389651   0.556014
      0.25   0.970277   0.391391   0.557783
      0.26   0.970132   0.395268   0.561685
      0.27   0.970083   0.397908   0.564337
      0.28   0.969792   0.402777   0.569166
      0.29   0.969308   0.406046   0.572338
       0.3   0.969162   0.411742   0.577947
      0.31   0.968871   0.418337    0.58436
      0.32   0.968241   0.422289   0.588089
      0.33   0.967562   0.428094   0.593567
      0.34   0.966447   0.431909   0.597012
      0.35   0.962762   0.436626   0.600786
      0.36   0.960144   0.440553   0.603977
      0.37   0.956798   0.445248   0.607701
      0.38   0.954567   0.449358   0.611062
      0.39   0.952531   0.455987   0.616736
       0.4   0.950592   0.460324   0.620278
      0.41   0.948894   0.466604   0.625586
      0.42   0.944288   0.472476   0.629821
      0.43   0.943076   0.476221   0.632867
      0.44   0.941718    0.48202   0.637655
      0.45   0.940749   0.485815   0.640743
      0.46   0.939003   0.491744   0.645466
      0.47   0.936967   0.495984    0.64862
      0.48   0.932651   0.501383   0.652168
      0.49   0.931245   0.504483   0.654438
       0.5   0.927609   0.508084   0.656552
      0.51   0.923002   0.513153   0.659596
      0.52   0.917814   0.514468   0.659348
      0.53   0.908941   0.517426   0.659451
      0.54   0.905304   0.520108    0.66066
      0.55   0.894928   0.525303   0.662017
      0.56   0.888867   0.526673   0.661433
      0.57   0.880867   0.531026   0.662605
      0.58   0.876649   0.533891   0.663625
      0.59   0.869715   0.540024   0.666318
       0.6   0.865303   0.543636    0.66775
      0.61   0.856963    0.54848   0.668867
      0.62   0.849399   0.553229   0.670045
      0.63   0.844938   0.558016   0.672138
      0.64   0.837616   0.563047    0.67342
      0.65   0.830537   0.565806   0.673077
      0.66   0.824573   0.571043    0.67478
      0.67   0.820306   0.574599   0.675812
      0.68    0.81473    0.57757   0.675952
      0.69   0.812258   0.580663   0.677207
       0.7   0.804354   0.584838   0.677252
      0.71   0.792669   0.587702   0.674968
      0.72   0.787772   0.591793   0.675862
      0.73   0.781371   0.596667   0.676641
      0.74   0.776377   0.601081   0.677575
      0.75   0.763625   0.605275   0.675291
      0.76   0.757467   0.608955   0.675141
      0.77   0.745927   0.616294   0.674942
      0.78   0.743115   0.620695   0.676411
      0.79   0.735454   0.626888   0.676845
       0.8   0.724932   0.630969   0.674695
      0.81   0.718774   0.637255   0.675564
      0.82   0.708156   0.641482   0.673172
      0.83   0.702967   0.643661   0.672008
      0.84   0.688421   0.646172   0.666628
      0.85   0.674166   0.648681   0.661178
      0.86   0.657486   0.652228   0.654847
      0.87   0.642843   0.656498   0.649599
      0.88   0.631061   0.661459   0.645903
      0.89   0.624855   0.664984   0.644295
       0.9   0.608126   0.667625   0.636488
      0.91   0.598041    0.67546   0.634398
      0.92   0.590962   0.679255    0.63204
      0.93    0.57467   0.686571   0.625657
      0.94   0.569725   0.690579   0.624357
      0.95   0.559688   0.698261   0.621342
      0.96    0.54519   0.703864   0.614448
      0.97   0.533844   0.715613   0.611507
      0.98   0.524631   0.724892   0.608714
      0.99   0.511394   0.737958   0.604133
