         0          1   0.108911   0.196429
      0.01   0.987393   0.192988    0.32287
      0.02   0.987393   0.192988    0.32287
      0.03   0.987393   0.192988    0.32287
      0.04   0.987393   0.192988    0.32287
      0.05   0.987393   0.192988    0.32287
      0.06   0.987393   0.192988    0.32287
      0.07   0.987393   0.192988    0.32287
      0.08   0.987393   0.192988    0.32287
      0.09   0.987393   0.192988    0.32287
       0.1   0.987393   0.192988    0.32287
      0.11   0.987393   0.192988    0.32287
      0.12   0.987393   0.192988    0.32287
      0.13   0.987393   0.192988    0.32287
      0.14   0.987393   0.192988    0.32287
      0.15   0.987393   0.192988    0.32287
      0.16   0.987393   0.192998   0.322885
      0.17   0.987393   0.193049   0.322956
      0.18   0.987393   0.193121   0.323056
      0.19   0.987393   0.193387   0.323429
       0.2   0.987393   0.193603   0.323731
      0.21   0.987393   0.193837   0.324057
      0.22   0.987393   0.194571   0.325082
      0.23   0.987393   0.195206   0.325968
      0.24   0.987393   0.196388   0.327615
      0.25   0.987393   0.197385   0.329001
      0.26   0.987124   0.199095   0.331358
      0.27   0.987124   0.200346   0.333088
      0.28   0.986722   0.202892   0.336576
      0.29   0.986722   0.204263   0.338461
       0.3   0.986454   0.206759   0.341864
      0.31   0.985247   0.209298   0.345253
      0.32   0.984308   0.210795   0.347229
      0.33   0.982967   0.215237   0.353147
      0.34   0.982162   0.217929   0.356709
      0.35   0.978541   0.222498   0.362558
      0.36   0.977602   0.226376   0.367624
      0.37   0.972237   0.231086   0.373416
      0.38   0.972103   0.233905   0.377079
      0.39   0.964056   0.238225   0.382045
       0.4   0.956679   0.240445   0.384303
      0.41   0.940853   0.246677   0.390873
      0.42   0.920198   0.248811   0.391709
      0.43   0.906786   0.252677   0.395225
      0.44   0.889619   0.257025   0.398824
      0.45   0.865075   0.259246   0.398938
      0.46   0.842275   0.262574   0.400344
      0.47   0.832484   0.264912   0.401925
      0.48   0.796674   0.268364   0.401485
      0.49   0.778433   0.272377    0.40355
       0.5   0.731223   0.275046   0.399734
      0.51   0.704399   0.281491   0.402239
      0.52   0.679855   0.284667   0.401302
      0.53   0.640424   0.290702   0.399887
      0.54   0.614002   0.296091    0.39952
      0.55   0.577521   0.301401   0.396089
      0.56   0.563305   0.308325    0.39852
      0.57     0.5397   0.316406   0.398933
      0.58   0.502146   0.322039   0.392413
      0.59   0.484442   0.328208   0.391307
       0.6   0.467945   0.333541   0.389473
      0.61     0.4489   0.341938   0.388185
      0.62   0.429319   0.345919   0.383133
      0.63   0.404372   0.351915   0.376324
      0.64   0.392436   0.368271   0.379969
      0.65   0.377012   0.374893    0.37595
      0.66   0.370976   0.380263   0.375562
      0.67   0.359308   0.381758   0.370193
      0.68   0.355687   0.385149   0.369832
      0.69   0.348578   0.390118    0.36818
       0.7   0.333423   0.386674   0.358079
      0.71   0.316255   0.389771   0.349186
      0.72   0.286749   0.384005   0.328326
      0.73   0.276958   0.391445   0.324397
      0.74   0.271459    0.39596   0.322097
      0.75   0.259657   0.399713    0.31481
      0.76   0.253353   0.396142   0.309052
      0.77   0.240209   0.400155   0.300207
      0.78   0.224517    0.39372   0.285964
      0.79   0.213653   0.398305   0.278121
       0.8    0.19595   0.388642   0.260538
      0.81   0.187232   0.388787   0.252746
      0.82   0.178112   0.380497   0.242642
      0.83   0.175295    0.37793   0.239502
      0.84    0.16309   0.364742   0.225397
      0.85     0.1478   0.357884   0.209203
      0.86    0.14324   0.353439   0.203861
      0.87   0.139753   0.347779   0.199385
      0.88   0.130767   0.337793   0.188544
      0.89   0.125134   0.339795   0.182909
       0.9   0.115746   0.328994   0.171245
      0.91   0.107028   0.318069   0.160162
      0.92   0.106357   0.310692   0.158467
      0.93   0.100858   0.297927     0.1507
      0.94  0.0944206   0.286853   0.142076
      0.95  0.0842275   0.272352   0.128664
      0.96  0.0807403   0.266667   0.123951
      0.97  0.0701448   0.258571   0.110353
      0.98  0.0666577   0.252174   0.105443
      0.99  0.0654506   0.248902   0.103647
