         0          1   0.354609   0.523559
      0.01   0.953311   0.396456   0.560016
      0.02   0.953311   0.396456   0.560016
      0.03   0.953311   0.396456   0.560016
      0.04   0.953311   0.396456   0.560016
      0.05   0.953311   0.396456   0.560016
      0.06   0.953311   0.396456   0.560016
      0.07   0.953311   0.396456   0.560016
      0.08   0.953311   0.396456   0.560016
      0.09   0.953311   0.396456   0.560016
       0.1   0.953311   0.396456   0.560016
      0.11   0.953311   0.396456   0.560016
      0.12   0.953311   0.396456   0.560016
      0.13   0.953311   0.396456   0.560016
      0.14   0.953311   0.396456   0.560016
      0.15   0.953311   0.396456   0.560016
      0.16   0.953311   0.396475   0.560035
      0.17   0.953311   0.396493   0.560053
      0.18   0.953311   0.396493   0.560053
      0.19   0.953311   0.396549   0.560109
       0.2   0.953311   0.396604   0.560164
      0.21   0.953311   0.396641   0.560201
      0.22   0.953311   0.396863   0.560422
      0.23   0.953311   0.396928   0.560487
      0.24   0.953311   0.397224   0.560782
      0.25   0.953311   0.397529   0.561086
      0.26    0.95315   0.397975   0.561503
      0.27   0.953029   0.398479   0.561983
      0.28   0.953029   0.399604   0.563101
      0.29   0.953029   0.400312   0.563803
       0.3   0.953029   0.401744   0.565222
      0.31   0.953029   0.403633   0.567089
      0.32   0.952747    0.40507   0.568455
      0.33   0.952264    0.40767   0.570924
      0.34   0.952103   0.409617   0.572801
      0.35   0.951781    0.41234   0.575399
      0.36   0.951741   0.414896   0.577876
      0.37    0.95162   0.419326   0.582136
      0.38    0.95154   0.421712   0.584417
      0.39   0.951338   0.426275   0.588745
       0.4   0.950614   0.429458   0.591634
      0.41   0.949044   0.434364   0.595964
      0.42   0.947716   0.440233   0.601198
      0.43   0.946347   0.443448   0.603911
      0.44   0.945945   0.449702   0.609601
      0.45   0.943771   0.454267   0.613323
      0.46    0.93874   0.461744   0.619011
      0.47   0.938297   0.467107   0.623714
      0.48   0.934514   0.475619   0.630398
      0.49   0.933186   0.481109   0.634894
       0.5   0.930127   0.489278   0.641241
      0.51   0.927994   0.496371   0.646785
      0.52   0.926746   0.501072   0.650456
      0.53   0.922157   0.507301    0.65453
      0.54   0.918978   0.510924   0.656727
      0.55   0.914711    0.51814   0.661546
      0.56   0.910284   0.522098    0.66359
      0.57    0.90489   0.527948   0.666838
      0.58   0.900745   0.531122   0.668226
      0.59   0.893983   0.536587   0.670642
       0.6   0.891608   0.537543   0.670717
      0.61   0.881505   0.541894   0.671186
      0.62   0.876635   0.547929   0.674359
      0.63   0.871322   0.552297   0.676064
      0.64   0.861944    0.55963   0.678642
      0.65   0.854417   0.562224   0.678187
      0.66   0.846367   0.568746   0.680324
      0.67    0.83554   0.572729   0.679612
      0.68   0.826846   0.577632   0.680129
      0.69   0.817428   0.581163   0.679339
       0.7   0.808452   0.587945   0.680788
      0.71    0.80157    0.59357   0.682064
      0.72   0.793198   0.597863   0.681816
      0.73   0.777581   0.604027   0.679903
      0.74   0.770698   0.609642   0.680774
      0.75   0.761401   0.615355   0.680632
      0.76   0.754035   0.619401   0.680119
      0.77    0.74522   0.625572   0.680174
      0.78    0.73556    0.63086   0.679199
      0.79   0.720225   0.637611   0.676405
       0.8   0.715154   0.642087   0.676654
      0.81   0.702234   0.648653   0.674381
      0.82     0.6935   0.657254   0.674891
      0.83    0.68384   0.661713   0.672594
      0.84   0.670437   0.670808   0.670623
      0.85   0.658764   0.675753   0.667151
      0.86   0.650352   0.687445   0.668384
      0.87    0.64186   0.692418   0.666181
      0.88   0.631636   0.701843   0.664891
      0.89   0.624311   0.706217   0.662743
       0.9   0.610264   0.713193   0.657726
      0.91   0.602898   0.719441   0.656034
      0.92   0.594888   0.721797   0.652226
      0.93   0.578949   0.729068   0.645394
      0.94    0.57412   0.733406   0.644061
      0.95   0.560596   0.741195   0.638368
      0.96   0.552828   0.746574   0.635256
      0.97   0.540028   0.753441   0.629129
      0.98   0.532783   0.756877   0.625361
      0.99   0.524049   0.762712   0.621247
