         0          1   0.308236   0.471224
      0.01   0.894165   0.442578   0.592093
      0.02   0.894165   0.442578   0.592093
      0.03   0.894165   0.442578   0.592093
      0.04   0.894165   0.442578   0.592093
      0.05   0.894165   0.442578   0.592093
      0.06   0.894165   0.442578   0.592093
      0.07   0.894165   0.442578   0.592093
      0.08   0.894165   0.442578   0.592093
      0.09   0.894165   0.442578   0.592093
       0.1   0.894165   0.442578   0.592093
      0.11   0.894165   0.442578   0.592093
      0.12   0.894165   0.442578   0.592093
      0.13   0.894165   0.442578   0.592093
      0.14   0.894165   0.442578   0.592093
      0.15   0.894165   0.442578   0.592093
      0.16   0.894165   0.442578   0.592093
      0.17   0.894165   0.442578   0.592093
      0.18   0.894165   0.442578   0.592093
      0.19   0.894165   0.442629   0.592138
       0.2   0.894165   0.442654    0.59216
      0.21   0.894165   0.442704   0.592205
      0.22   0.894165   0.442798   0.592289
      0.23   0.894165   0.442842   0.592328
      0.24   0.894115   0.443074   0.592525
      0.25   0.894115   0.443244   0.592677
      0.26   0.894064   0.443729   0.593099
      0.27   0.894014   0.444337   0.593631
      0.28   0.893712   0.445043   0.594194
      0.29   0.893561   0.445638   0.594691
       0.3    0.89336   0.446559   0.595466
      0.31    0.89326   0.447762   0.596512
      0.32   0.892757   0.448687    0.59722
      0.33   0.891348   0.450062   0.598119
      0.34   0.890845    0.45151   0.599283
      0.35   0.890091   0.452933   0.600364
      0.36   0.890091   0.454529   0.601764
      0.37   0.888833   0.456598   0.603286
      0.38   0.886519   0.457423    0.60347
      0.39   0.885614   0.458943    0.60458
       0.4   0.884708   0.460396   0.605628
      0.41   0.883048   0.462096   0.606705
      0.42   0.880986   0.463508   0.607431
      0.43   0.877867   0.464835   0.607824
      0.44   0.873944   0.468297   0.609824
      0.45   0.870372   0.470339   0.610676
      0.46   0.867002   0.473776   0.612726
      0.47   0.864889   0.474817   0.613066
      0.48   0.860312   0.477076   0.613785
      0.49    0.85332   0.477625   0.612448
       0.5    0.84673   0.479469   0.612247
      0.51   0.842203   0.481755   0.612913
      0.52   0.837575   0.483856   0.613374
      0.53   0.831539   0.484244   0.612058
      0.54   0.824396   0.485133   0.610818
      0.55   0.814738   0.486026   0.608848
      0.56   0.809557     0.4867   0.607921
      0.57   0.796529   0.487287   0.604663
      0.58   0.791298   0.487017   0.602943
      0.59   0.780835   0.486061   0.599155
       0.6   0.773038   0.485652   0.596537
      0.61   0.759809   0.486949    0.59352
      0.62   0.736569   0.485591    0.58531
      0.63   0.729779   0.486658   0.583923
      0.64    0.72168   0.487117   0.581641
      0.65   0.715845     0.4878   0.580219
      0.66   0.702213   0.486534   0.574808
      0.67    0.69336    0.48464   0.570509
      0.68   0.682143   0.484743   0.566746
      0.69   0.675151   0.484299   0.564017
       0.7   0.663581   0.483445   0.559368
      0.71   0.648089   0.480342   0.551747
      0.72   0.642656   0.479484   0.549207
      0.73   0.630231   0.476255   0.542529
      0.74   0.624396   0.476872   0.540753
      0.75   0.615091   0.474574   0.535772
      0.76   0.597082   0.472178   0.527335
      0.77   0.580684   0.470641   0.519903
      0.78   0.572334   0.469037   0.515563
      0.79    0.56006   0.466135     0.5088
       0.8   0.549799   0.464426   0.503519
      0.81    0.53506   0.461956   0.495828
      0.82   0.521076   0.459274   0.488227
      0.83   0.511217   0.459597   0.484035
      0.84   0.498742   0.460224    0.47871
      0.85    0.48672   0.458114   0.471984
      0.86   0.473692   0.455774    0.46456
      0.87   0.457143   0.454449   0.455792
      0.88    0.42837   0.451469   0.439617
      0.89   0.419416   0.447871   0.433177
       0.9    0.40161   0.445463   0.422401
      0.91    0.38169   0.444501   0.410708
      0.92   0.365342     0.4448   0.401174
      0.93   0.340594   0.444286    0.38559
      0.94   0.336016   0.446645   0.383512
      0.95   0.319718   0.445666   0.372329
      0.96   0.309054   0.444954   0.364757
      0.97   0.291298   0.445023   0.352113
      0.98   0.284105   0.444244    0.34657
      0.99   0.265091   0.440984   0.331129
