         0          1   0.363236   0.532903
      0.01   0.974253   0.345977   0.510622
      0.02   0.974253   0.345977   0.510622
      0.03   0.974253   0.345977   0.510622
      0.04   0.974253   0.345977   0.510622
      0.05   0.974253   0.345977   0.510622
      0.06   0.974253   0.345977   0.510622
      0.07   0.974253   0.345977   0.510622
      0.08   0.974253   0.345977   0.510622
      0.09   0.974253   0.345977   0.510622
       0.1   0.974253   0.345977   0.510622
      0.11   0.974253   0.345977   0.510622
      0.12   0.974253   0.345977   0.510622
      0.13   0.974253   0.345986   0.510632
      0.14   0.974253   0.346005   0.510653
      0.15   0.974253   0.345945   0.510587
      0.16   0.974253   0.346034   0.510683
      0.17   0.974124   0.346221    0.51087
      0.18   0.974124   0.346371   0.511033
      0.19   0.973995   0.346587   0.511251
       0.2   0.973995   0.347084   0.511791
      0.21   0.973909   0.348008   0.512782
      0.22   0.973909   0.349109   0.513977
      0.23    0.97365   0.350074   0.514986
      0.24   0.973521   0.351505   0.516514
      0.25   0.973392   0.352724   0.517811
      0.26   0.972746   0.355473   0.520674
      0.27   0.972445    0.35751   0.522813
      0.28   0.971411   0.360975   0.526357
      0.29   0.970593   0.363696   0.529121
       0.3   0.968785   0.368723   0.534148
      0.31    0.96646   0.373433   0.538712
      0.32   0.963963   0.376893   0.541909
      0.33   0.958366   0.381701   0.545957
      0.34   0.950788   0.384473   0.547537
      0.35   0.941014   0.389403   0.550855
      0.36   0.934771   0.392891   0.553248
      0.37   0.924352   0.399601   0.557983
      0.38   0.915655   0.403144   0.559814
      0.39   0.895979   0.407348   0.560067
       0.4   0.883622   0.411422   0.561435
      0.41   0.858822   0.417868   0.562195
      0.42   0.836175   0.424309   0.562953
      0.43   0.824808   0.428971   0.564404
      0.44   0.797038   0.435612   0.563338
      0.45   0.775682   0.439891   0.561407
      0.46   0.742444    0.44494   0.556421
      0.47   0.716223    0.45104   0.553509
      0.48   0.680617    0.45722   0.546988
      0.49   0.656075   0.461343   0.541741
       0.5   0.625377   0.467443   0.534997
      0.51   0.596874   0.476576   0.529984
      0.52   0.571127   0.482957   0.523355
      0.53   0.549686   0.493517   0.520089
      0.54   0.534401   0.498913   0.516048
      0.55   0.510635   0.507027   0.508824
      0.56   0.492982   0.513473   0.503019
      0.57   0.467235   0.521606   0.492926
      0.58   0.452812   0.525838     0.4866
      0.59   0.437914   0.540239   0.483725
       0.6   0.426333   0.550914   0.480682
      0.61   0.408551   0.562544   0.473338
      0.62   0.393352   0.575273   0.467229
      0.63   0.384655   0.583112   0.463535
      0.64   0.373246   0.594121   0.458467
      0.65   0.368165   0.602131    0.45694
      0.66   0.357444   0.612381   0.451405
      0.67   0.350814   0.619381   0.447925
      0.68   0.340437   0.630195   0.442066
      0.69   0.333893   0.635055   0.437672
       0.7   0.325928   0.642633   0.432502
      0.71   0.318307   0.658048   0.429068
      0.72   0.312925   0.661777   0.424923
      0.73   0.302936   0.672501    0.41771
      0.74   0.295445   0.673352   0.410692
      0.75   0.287436   0.679539    0.40399
      0.76    0.28283   0.683194   0.400047
      0.77   0.278782   0.691039   0.397289
      0.78   0.274391   0.692877   0.393105
      0.79   0.266296   0.698983   0.385664
       0.8   0.263239    0.70184   0.382874
      0.81   0.258891   0.706222   0.378887
      0.82   0.252303   0.714857    0.37297
      0.83   0.251098   0.723172   0.372765
      0.84   0.244424   0.728439   0.366029
      0.85   0.243004   0.731191   0.364777
      0.86   0.240162   0.737968   0.362389
      0.87   0.239344   0.741204   0.361844
      0.88   0.236072   0.749186   0.359016
      0.89   0.234005   0.757983   0.357609
       0.9    0.22802   0.761023   0.350902
      0.91   0.224877   0.765899   0.347673
      0.92   0.221131   0.766889   0.343279
      0.93   0.216654    0.77106   0.338262
      0.94    0.21209   0.770876   0.332657
      0.95   0.208387   0.770042   0.328009
      0.96   0.203264   0.766234   0.321295
      0.97   0.198054   0.766554   0.314779
      0.98   0.196719   0.765982   0.313043
      0.99   0.192371   0.771056   0.307919
