         0          1   0.164811   0.282983
      0.01   0.984091   0.178784   0.302594
      0.02   0.984091   0.178784   0.302594
      0.03   0.984091   0.178784   0.302594
      0.04   0.984091   0.178784   0.302594
      0.05   0.984091   0.178784   0.302594
      0.06   0.984091   0.178784   0.302594
      0.07   0.984091   0.178784   0.302594
      0.08   0.984091   0.178784   0.302594
      0.09   0.984091    0.17879   0.302602
       0.1   0.984091    0.17879   0.302602
      0.11   0.984091   0.178796   0.302611
      0.12   0.984091   0.178768   0.302571
      0.13   0.984091   0.178752   0.302548
      0.14   0.984091   0.178801   0.302618
      0.15   0.984091   0.178935   0.302811
      0.16   0.984091   0.179156   0.303126
      0.17   0.984091   0.179578   0.303731
      0.18   0.984091   0.179989   0.304318
      0.19   0.983805   0.181113    0.30591
       0.2   0.983805   0.182284   0.307578
      0.21   0.983043    0.18459   0.310816
      0.22   0.983043   0.187445   0.314854
      0.23   0.982662   0.189999    0.31843
      0.24   0.982376   0.194469   0.324668
      0.25   0.981995   0.197654   0.329073
      0.26   0.980566   0.203462   0.336998
      0.27    0.98028   0.207806   0.342918
      0.28   0.977708   0.214927    0.35239
      0.29   0.975612   0.219749   0.358703
       0.3   0.972659   0.226181   0.367017
      0.31   0.968372   0.233403   0.376145
      0.32   0.962656    0.23841   0.382172
      0.33   0.955416   0.246889   0.392383
      0.34   0.944365   0.252699   0.398708
      0.35   0.931218   0.263315   0.410543
      0.36   0.918929   0.271466   0.419118
      0.37    0.90826   0.284314   0.433065
      0.38   0.901019   0.292812   0.441988
      0.39   0.883586   0.302228   0.450399
       0.4   0.871678   0.310436   0.457824
      0.41   0.855292   0.318852   0.464528
      0.42   0.819567   0.327834   0.468332
      0.43   0.804611   0.337033    0.47507
      0.44   0.775936   0.346969   0.479517
      0.45   0.744403   0.352858   0.478771
      0.46   0.717824   0.363353   0.482481
      0.47   0.698485    0.36789   0.481942
      0.48   0.659141   0.375368   0.478334
      0.49   0.647137   0.382651   0.480929
       0.5   0.625322   0.390564   0.480818
      0.51   0.595885   0.398341   0.477488
      0.52   0.571401   0.404074   0.473387
      0.53   0.559684    0.41437   0.476188
      0.54   0.553587   0.425295   0.481034
      0.55   0.524626   0.432768   0.474291
      0.56   0.520244   0.440159   0.476862
      0.57   0.502906   0.448918   0.474381
      0.58   0.488139   0.452588   0.469692
      0.59   0.468991   0.452122   0.460402
       0.6   0.457464   0.458595   0.458029
      0.61   0.443936   0.466363   0.454873
      0.62   0.425931   0.468215   0.446073
      0.63   0.406688   0.469833   0.435986
      0.64   0.400114   0.468579   0.431649
      0.65    0.38592   0.469225   0.423515
      0.66   0.369915    0.47327   0.415258
      0.67   0.358674   0.472862   0.407928
      0.68    0.33943   0.473545   0.395425
      0.69   0.326569   0.469331   0.385147
       0.7   0.297133    0.45858   0.360611
      0.71   0.277413   0.454927   0.344656
      0.72   0.272268   0.455531   0.340827
      0.73   0.260265   0.447399   0.329089
      0.74   0.255978   0.439083   0.323412
      0.75   0.229113   0.422517   0.297114
      0.76   0.212346   0.409091   0.279574
      0.77   0.199486   0.395455   0.265195
      0.78   0.191197   0.383148   0.255097
      0.79   0.176431   0.381356    0.24125
       0.8   0.170049   0.376577   0.234297
      0.81   0.165285   0.370019   0.228501
      0.82   0.156616   0.353183   0.217004
      0.83   0.151662    0.33758   0.209296
      0.84    0.14528   0.325112   0.200821
      0.85   0.138611   0.318807   0.193216
      0.86   0.134038   0.305085   0.186249
      0.87    0.13099   0.300752   0.182495
      0.88   0.122892   0.298387   0.174086
      0.89   0.118034   0.299169    0.16928
       0.9    0.11489   0.296512    0.16561
      0.91    0.11327   0.284848   0.162087
      0.92   0.109174   0.274691   0.156248
      0.93   0.103839     0.2589   0.148227
      0.94   0.099838   0.249169   0.142556
      0.95   0.076498   0.221831   0.113765
      0.96   0.076498   0.215054   0.112853
      0.97   0.073259   0.211111   0.108772
      0.98  0.0708774        0.2   0.104663
      0.99  0.0567781      0.172  0.0853739
