         0          1   0.317058   0.481463
      0.01   0.956434   0.377474    0.54131
      0.02   0.956434   0.377474    0.54131
      0.03   0.956434   0.377474    0.54131
      0.04   0.956434   0.377474    0.54131
      0.05   0.956434   0.377474    0.54131
      0.06   0.956434   0.377474    0.54131
      0.07   0.956434   0.377474    0.54131
      0.08   0.956434   0.377474    0.54131
      0.09   0.956434   0.377474    0.54131
       0.1   0.956434   0.377474    0.54131
      0.11   0.956434   0.377474    0.54131
      0.12   0.956434   0.377474    0.54131
      0.13   0.956434   0.377474    0.54131
      0.14   0.956434   0.377474    0.54131
      0.15   0.956434   0.377474    0.54131
      0.16   0.956434   0.377474    0.54131
      0.17   0.956434   0.377511   0.541348
      0.18   0.956434   0.377585   0.541425
      0.19   0.956434   0.377678    0.54152
       0.2   0.956434   0.377753   0.541597
      0.21   0.956434   0.377995   0.541845
      0.22   0.956434   0.378386   0.542248
      0.23   0.956434   0.378531   0.542396
      0.24   0.956434   0.379613   0.543506
      0.25   0.956434   0.380581   0.544498
      0.26   0.956434   0.381964   0.545912
      0.27   0.956434   0.383578   0.547558
      0.28   0.955847   0.385607   0.549525
      0.29     0.9557   0.386977    0.55089
       0.3   0.955162   0.389548   0.553401
      0.31   0.954868   0.392458    0.55628
      0.32   0.954672   0.394644    0.55844
      0.33   0.954085     0.3973   0.560992
      0.34   0.953106   0.399794   0.563303
      0.35   0.951686   0.403375   0.566596
      0.36    0.95105   0.406505   0.569563
      0.37   0.948798   0.409469   0.572058
      0.38   0.947526    0.41229   0.574571
      0.39   0.945665   0.415739   0.577565
       0.4    0.94268   0.417912   0.579097
      0.41   0.939155   0.422806   0.583101
      0.42   0.936414   0.426238   0.585821
      0.43   0.932743   0.428049   0.586805
      0.44   0.924715   0.432096   0.588978
      0.45   0.922023   0.434697   0.590837
      0.46   0.917274   0.439673   0.594423
      0.47   0.914484   0.442355   0.596278
      0.48   0.909345   0.445831    0.59832
      0.49   0.904988   0.448016   0.599332
       0.5   0.895394   0.451413   0.600223
      0.51   0.884331   0.452672    0.59882
      0.52   0.874737   0.454268   0.597989
      0.53   0.864457   0.457349    0.59821
      0.54   0.854031    0.45941   0.597439
      0.55    0.84287    0.46386     0.5984
      0.56   0.836801   0.468017   0.600294
      0.57   0.827353   0.473336   0.602167
      0.58   0.817172   0.477527   0.602799
      0.59   0.806696   0.483931   0.604955
       0.6   0.799256   0.488319   0.606243
      0.61   0.793333   0.494718   0.609411
      0.62   0.784277   0.500788   0.611263
      0.63   0.777179   0.503785   0.611307
      0.64   0.758481   0.509882   0.609819
      0.65   0.751872   0.513569   0.610282
      0.66   0.738754   0.518774   0.609523
      0.67   0.724411   0.522591   0.607169
      0.68   0.710901   0.529061   0.606648
      0.69   0.698027   0.533322   0.604659
       0.7   0.685594   0.541949   0.605367
      0.71    0.67228   0.549638   0.604804
      0.72   0.659699   0.555534   0.603153
      0.73   0.650056   0.561174   0.602354
      0.74    0.63963   0.564996   0.600001
      0.75   0.626316   0.573336   0.598656
      0.76   0.617553   0.579016   0.597664
      0.77   0.608008   0.586878   0.597256
      0.78   0.602624   0.594186   0.598375
      0.79    0.58975   0.597926    0.59381
       0.8   0.582946    0.60238   0.592503
      0.81   0.574869   0.612339   0.593013
      0.82   0.569093   0.621766   0.594264
      0.83   0.565079   0.624216   0.593177
      0.84   0.552401   0.628202   0.587868
      0.85    0.54687   0.633083   0.586827
      0.86   0.540115   0.638336   0.585132
      0.87   0.532185   0.640497   0.581339
      0.88   0.522444    0.64375   0.576788
      0.89   0.520339   0.647115   0.576843
       0.9    0.51001    0.65023   0.571647
      0.91   0.502717   0.651922   0.567679
      0.92   0.500318   0.653593   0.566776
      0.93   0.493074   0.656407   0.563136
      0.94   0.487444   0.658626   0.560251
      0.95   0.477899   0.661665   0.554965
      0.96   0.471682   0.663975   0.551549
      0.97    0.46527   0.668521   0.548678
      0.98   0.461746   0.668963   0.546367
      0.99   0.450291   0.666388    0.53743
