         0          1    0.28722   0.446264
      0.01   0.883608   0.379016   0.530485
      0.02   0.883608   0.379016   0.530485
      0.03   0.883608   0.379016   0.530485
      0.04   0.883608   0.379016   0.530485
      0.05   0.883608   0.379016   0.530485
      0.06   0.883608   0.379016   0.530485
      0.07   0.883608   0.379016   0.530485
      0.08   0.883608   0.379016   0.530485
      0.09   0.883608   0.379016   0.530485
       0.1   0.883608   0.379016   0.530485
      0.11   0.883608   0.379016   0.530485
      0.12   0.883608   0.379016   0.530485
      0.13   0.883608   0.379016   0.530485
      0.14   0.883608   0.379016   0.530485
      0.15   0.883608   0.379016   0.530485
      0.16   0.883608   0.379016   0.530485
      0.17   0.883608   0.379045   0.530514
      0.18   0.883608   0.379096   0.530563
      0.19   0.883608   0.379231   0.530696
       0.2   0.883608   0.379367   0.530828
      0.21   0.883608   0.379469   0.530929
      0.22   0.883608   0.380115   0.531561
      0.23   0.883608   0.380143   0.531588
      0.24   0.883608   0.381066    0.53249
      0.25   0.883608   0.382005   0.533405
      0.26   0.883557   0.383374    0.53473
      0.27   0.882996   0.384118    0.53535
      0.28   0.882536   0.385446   0.536553
      0.29   0.880851   0.386941   0.537687
       0.3   0.879626   0.388925   0.539369
      0.31   0.875491   0.390211   0.539821
      0.32   0.872939   0.392069   0.541107
      0.33   0.870335   0.393576   0.542037
      0.34   0.869008   0.396325   0.544378
      0.35   0.864414   0.399441   0.546395
      0.36   0.861555   0.401308   0.547563
      0.37   0.856654   0.404411   0.549441
      0.38    0.85451   0.405673   0.550161
      0.39   0.848486   0.408045   0.551074
       0.4   0.844862   0.410118   0.552189
      0.41   0.838838   0.412961   0.553456
      0.42   0.823268   0.415351   0.552139
      0.43   0.817551   0.417557   0.552784
      0.44   0.809077   0.420824   0.553669
      0.45   0.805197   0.422951   0.554589
      0.46   0.801368   0.423863    0.55446
      0.47    0.79514   0.424828   0.553781
      0.48   0.786768   0.425336   0.552165
      0.49   0.781612   0.425225   0.550797
       0.5   0.770177   0.426458   0.548953
      0.51   0.762775   0.427683   0.548068
      0.52   0.754199   0.428781   0.546731
      0.53   0.746848   0.430551   0.546215
      0.54   0.740211   0.431743   0.545382
      0.55   0.730818   0.434833   0.545247
      0.56   0.727347   0.438268   0.546961
      0.57   0.722906   0.441669   0.548329
      0.58   0.716525   0.443842   0.548144
      0.59   0.706774   0.445336   0.546392
       0.6   0.698606   0.444812   0.543543
      0.61   0.689877   0.447087   0.542559
      0.62    0.68319   0.449657   0.542353
      0.63    0.67252   0.448671    0.53825
      0.64   0.664455   0.450203   0.536737
      0.65   0.655725   0.450222   0.533881
      0.66   0.643524   0.449398   0.529221
      0.67   0.635357    0.45254   0.528588
      0.68   0.622952   0.451036   0.523235
      0.69   0.612385   0.452225   0.520258
       0.7   0.599418   0.453705   0.516481
      0.71   0.580428   0.453457   0.509146
      0.72   0.572719   0.455531   0.507447
      0.73   0.558732    0.45512   0.501631
      0.74   0.551687   0.454528   0.498417
      0.75   0.536934   0.452927   0.491366
      0.76   0.530859   0.452751   0.488704
      0.77   0.511461   0.450327   0.478951
      0.78   0.494257   0.447091   0.469492
      0.79   0.483026   0.444886   0.463173
       0.8   0.475216   0.441961   0.457986
      0.81   0.456838   0.438491   0.447476
      0.82    0.44086   0.434566    0.43769
      0.83   0.423911   0.432659    0.42824
      0.84   0.409822    0.42981   0.419578
      0.85   0.405738   0.426815    0.41601
      0.86   0.391495   0.427297   0.408613
      0.87   0.382357   0.426654   0.403293
      0.88   0.365154   0.425518   0.393032
      0.89   0.351983   0.425057   0.385084
       0.9    0.34259   0.428815   0.380884
      0.91   0.333657   0.429537   0.375574
      0.92   0.328041   0.429673   0.372041
      0.93   0.315636    0.43448   0.365644
      0.94   0.305222   0.433663   0.358279
      0.95   0.292103   0.433555   0.349042
      0.96    0.28322   0.437689   0.343906
      0.97   0.273929   0.439496   0.337501
      0.98   0.269437    0.43952   0.334076
      0.99   0.260401   0.440505   0.327314
