         0          1   0.273534   0.429567
      0.01    0.97807   0.363493   0.530011
      0.02    0.97807   0.363493   0.530011
      0.03    0.97807   0.363493   0.530011
      0.04    0.97807   0.363493   0.530011
      0.05    0.97807   0.363493   0.530011
      0.06    0.97807   0.363493   0.530011
      0.07    0.97807   0.363493   0.530011
      0.08    0.97807   0.363493   0.530011
      0.09    0.97807   0.363493   0.530011
       0.1    0.97807   0.363493   0.530011
      0.11    0.97807   0.363493   0.530011
      0.12    0.97807   0.363493   0.530011
      0.13    0.97807   0.363493   0.530011
      0.14    0.97807   0.363493   0.530011
      0.15    0.97807   0.363493   0.530011
      0.16    0.97807   0.363493   0.530011
      0.17    0.97807   0.363514   0.530033
      0.18    0.97807   0.363514   0.530033
      0.19    0.97807   0.363534   0.530055
       0.2    0.97807   0.363616   0.530142
      0.21    0.97807   0.363739   0.530272
      0.22    0.97807   0.363708    0.53024
      0.23    0.97807   0.363933   0.530479
      0.24    0.97807    0.36419   0.530751
      0.25    0.97807   0.364549   0.531133
      0.26    0.97807   0.365105   0.531723
      0.27    0.97807   0.365514   0.532156
      0.28    0.97807   0.365982   0.532652
      0.29   0.977586   0.367048   0.533708
       0.3   0.977586   0.368617   0.535365
      0.31   0.977538   0.370287   0.537117
      0.32   0.977247   0.371427   0.538271
      0.33   0.976376   0.373785   0.540609
      0.34   0.975892   0.375243   0.542058
      0.35   0.974149   0.377798   0.544446
      0.36   0.973714   0.379556   0.546202
      0.37   0.973375   0.382471   0.549159
      0.38   0.973229   0.384235   0.550952
      0.39     0.9726   0.387967   0.554676
       0.4   0.971874   0.390165   0.556799
      0.41   0.970664   0.394963   0.561465
      0.42   0.969889   0.399664   0.566067
      0.43   0.968776   0.402302   0.568517
      0.44   0.966936   0.405427   0.571309
      0.45   0.966307   0.409342   0.575074
      0.46   0.965629   0.414096   0.579628
      0.47   0.965581   0.416545   0.582013
      0.48   0.964806     0.4209   0.586108
      0.49   0.963402   0.424519   0.589346
       0.5   0.962773   0.428477   0.593029
      0.51   0.962434   0.433802   0.598045
      0.52    0.96103   0.435964   0.599823
      0.53   0.959336   0.440532   0.603797
      0.54   0.959094   0.445811   0.608688
      0.55   0.956334   0.450834   0.612788
      0.56   0.954446   0.452808   0.614219
      0.57    0.94946   0.456401   0.616468
      0.58   0.946652   0.458906   0.618152
      0.59   0.939439   0.462335   0.619694
       0.6   0.934598   0.464698   0.620749
      0.61   0.925836   0.465929   0.619895
      0.62   0.921189   0.469143   0.621678
      0.63   0.916832   0.471538   0.622775
      0.64   0.903277   0.474536     0.6222
      0.65   0.897517    0.47615   0.622207
      0.66   0.887835   0.478806    0.62211
      0.67   0.871424   0.478067   0.617416
      0.68   0.852592   0.478949   0.613346
      0.69   0.840103   0.479331   0.610394
       0.7   0.821707    0.48241   0.607921
      0.71   0.801568   0.482432    0.60234
      0.72   0.788304   0.484828   0.600397
      0.73   0.762647   0.486449   0.594012
      0.74    0.74643   0.488409   0.590462
      0.75   0.734037   0.492466   0.589462
      0.76   0.721547   0.493163   0.585885
      0.77   0.700441   0.496076   0.580805
      0.78   0.688919   0.497434   0.577723
      0.79   0.665392   0.501301   0.571807
       0.8   0.648303   0.501074   0.565259
      0.81   0.621678    0.50367   0.556487
      0.82   0.601975   0.507759   0.550867
      0.83   0.591228    0.51003   0.547636
      0.84   0.567749   0.512211   0.538552
      0.85   0.549983   0.514121   0.531447
      0.86   0.523987   0.520319   0.522147
      0.87   0.513773   0.525036   0.519343
      0.88   0.492424   0.529562   0.510318
      0.89   0.481919   0.534112   0.506675
       0.9    0.45965   0.542125   0.497493
      0.91   0.445757   0.552514   0.493427
      0.92   0.430798   0.560953   0.487335
      0.93   0.421939   0.575065   0.486743
      0.94   0.416324    0.58353   0.485946
      0.95   0.407562   0.599215   0.485146
      0.96    0.40456   0.607143   0.485569
      0.97   0.395653   0.616181   0.481885
      0.98   0.391054   0.625148   0.481138
      0.99   0.385196   0.640234   0.480999
