         0          1   0.279386    0.43675
      0.01   0.935928   0.348501   0.507886
      0.02   0.935928   0.348501   0.507886
      0.03   0.935928   0.348501   0.507886
      0.04   0.935928   0.348501   0.507886
      0.05   0.935928   0.348501   0.507886
      0.06   0.935928   0.348503   0.507889
      0.07   0.935928   0.348507   0.507892
      0.08   0.935917   0.348526   0.507912
      0.09   0.935915   0.348555   0.507941
       0.1   0.935907   0.348602    0.50799
      0.11    0.93585   0.348646   0.508028
      0.12   0.935837   0.348679   0.508062
      0.13   0.935729   0.348737   0.508108
      0.14   0.935616   0.348767   0.508123
      0.15    0.93547   0.348883   0.508224
      0.16   0.935256   0.349004   0.508321
      0.17   0.934932   0.349322    0.50861
      0.18   0.934673     0.3496   0.508866
      0.19     0.9343   0.350231   0.509479
       0.2   0.933987     0.3508   0.510034
      0.21   0.933495   0.351829   0.511047
      0.22   0.932728   0.353179   0.512355
      0.23   0.932186   0.354198   0.513344
      0.24   0.931144   0.356163   0.515245
      0.25   0.930317   0.357757   0.516783
      0.26   0.928829   0.360571    0.51948
      0.27   0.927792   0.362672   0.521493
      0.28    0.92563   0.366082   0.524663
      0.29   0.924097   0.368632   0.527027
       0.3   0.921691   0.372774   0.530849
      0.31   0.918628   0.377406    0.53501
      0.32   0.916324   0.380635    0.53785
      0.33   0.912236   0.385672    0.54214
      0.34   0.909623   0.389304    0.54525
      0.35   0.904429   0.394798    0.54966
      0.36   0.900476   0.398722   0.552709
      0.37   0.893898   0.404661   0.557119
      0.38   0.889814   0.408661   0.560091
      0.39   0.882693   0.414663   0.564256
       0.4   0.877444   0.418691   0.566882
      0.41   0.868969   0.424964   0.570788
      0.42   0.860085   0.431288   0.574496
      0.43   0.854204   0.435539    0.57692
      0.44   0.844531   0.441793   0.580115
      0.45   0.837473   0.445976   0.582015
      0.46   0.826631   0.452534   0.584879
      0.47   0.818945   0.456521   0.586242
      0.48   0.807308   0.462514     0.5881
      0.49   0.799879    0.46657   0.589363
       0.5   0.788097   0.472637     0.5909
      0.51    0.77633   0.478734   0.592249
      0.52   0.768092    0.48298   0.593048
      0.53     0.7559   0.489426   0.594153
      0.54   0.747475   0.493297   0.594351
      0.55   0.734854   0.499064    0.59443
      0.56   0.726216   0.503148   0.594444
      0.57   0.712889   0.508999   0.593933
      0.58   0.704072   0.513161   0.593645
      0.59   0.691807   0.518873   0.592989
       0.6   0.682762   0.522267   0.591826
      0.61   0.669474   0.528042   0.590407
      0.62   0.656549   0.533805   0.588849
      0.63   0.647356   0.537631   0.587413
      0.64   0.633549   0.542746   0.584643
      0.65   0.624097    0.54632   0.582624
      0.66   0.611143   0.551627   0.579862
      0.67   0.602156   0.555173    0.57771
      0.68   0.588525   0.560152   0.573988
      0.69    0.57962   0.563888   0.571646
       0.7   0.566776   0.569429   0.568099
      0.71    0.55328   0.574605   0.563741
      0.72   0.544872   0.578096   0.560992
      0.73   0.532125   0.583028   0.556415
      0.74   0.523914   0.586665   0.553517
      0.75   0.512464    0.59226    0.54948
      0.76   0.504136   0.595547   0.546042
      0.77   0.492544   0.600957   0.541376
      0.78   0.484816   0.604111   0.537929
      0.79    0.47263   0.609279   0.532325
       0.8   0.464472    0.61252    0.52832
      0.81    0.45352   0.617976   0.523128
      0.82    0.44268   0.623282   0.517681
      0.83   0.435306   0.626432   0.513667
      0.84   0.423996   0.630921   0.507164
      0.85   0.416581      0.634   0.502793
      0.86   0.406361   0.639366   0.496905
      0.87   0.399578   0.642792    0.49281
      0.88   0.389121   0.647963   0.486241
      0.89   0.382408   0.651324   0.481888
       0.9    0.37202   0.656432     0.4749
      0.91   0.362369   0.661673   0.468281
      0.92   0.355575   0.665313   0.463457
      0.93   0.346558   0.671377   0.457143
      0.94   0.340827   0.674771   0.452896
      0.95   0.331455   0.680616   0.445806
      0.96   0.325435   0.684446   0.441127
      0.97   0.317504   0.690278   0.434948
      0.98   0.311578   0.693647   0.430004
      0.99   0.303392   0.698988   0.423128
