    119082       0.66   0.802646   0.749688   0.775264
     58060          0          1   0.374026   0.544424
     42049       0.66   0.973687   0.957116    0.96533
     24077       0.68   0.754644   0.600863    0.66903
     78004       0.74   0.776377   0.601081   0.677575
     45096       0.34   0.825334   0.711798   0.764373
     38092       0.66   0.818514   0.761164   0.788798
     43074       0.49   0.570202   0.583571    0.57681
     16077       0.63    0.73106   0.515346   0.604536
     86000       0.48   0.860312   0.477076   0.613785
    101085       0.76   0.784569   0.764933   0.774627
     89072       0.45   0.805197   0.422951   0.554589
    126007       0.39   0.930803   0.564546   0.702821
     76053   0.398081   0.703893   0.620634   0.659647
     86016       0.43   0.824808   0.428971   0.564404
    103070        0.4   0.785717   0.475473   0.592437
      8023       0.49   0.778433   0.272377    0.40355
     41033       0.58   0.718876   0.594353    0.65071
    109053       0.41   0.815441   0.395345   0.532514
    130026        0.8   0.449483    0.43845   0.443898
    108082       0.46   0.747889   0.194964   0.309298
     69040          0          1   0.319512   0.484288
     14037       0.61   0.546598   0.830777   0.659372
     54082        0.3   0.809735   0.631587   0.709651
     62096       0.99   0.749587    0.63119   0.685312
     12084       0.58   0.726025   0.407912   0.522347
     69015       0.49   0.811061   0.875765   0.842172
     97033       0.63   0.916832   0.471538   0.622775
     19021       0.53   0.834737   0.663323   0.739223
     86068       0.46   0.717824   0.363353   0.482481
      3096        0.6   0.709546   0.876491   0.784232
     41069       0.71   0.624214   0.497126   0.553469
     21077       0.68   0.813639   0.672461   0.736344
    108070          0          1   0.230724    0.37494
    123074        0.6   0.565464   0.334302   0.420188
     38082       0.43   0.775432   0.531713   0.630851
     33039       0.99   0.580209   0.472777   0.521012
    108005       0.44   0.835473   0.385604   0.527668
    106024       0.56   0.624962   0.511234   0.562406
    102061       0.67   0.779209   0.413728   0.540482
     37073       0.32   0.952609   0.846115    0.89621
     65033       0.63   0.672364   0.714235   0.692668
     55073       0.55   0.744367   0.590355   0.658476
     66053       0.53   0.662636    0.61331   0.637019
     85048       0.71    0.80157    0.59357   0.682064
     42012       0.49   0.670276   0.617298   0.642697
     87046       0.63   0.777179   0.503785   0.611307
    105025       0.71   0.639453   0.541498   0.586413
    101087       0.53   0.842755   0.828006   0.835315
     69020       0.52   0.780946   0.600593   0.678997
