         0          1   0.296598   0.457502
      0.01   0.971775    0.52934   0.685357
      0.02   0.971775    0.52934   0.685357
      0.03   0.971775   0.529577   0.685555
      0.04   0.971775   0.530355   0.686207
      0.05   0.971775   0.531408   0.687088
      0.06   0.971775   0.533835   0.689113
      0.07   0.971775   0.535689   0.690656
      0.08   0.971656   0.541217   0.695203
      0.09   0.971576    0.54632   0.699378
       0.1   0.971218   0.554963   0.706325
      0.11   0.970661   0.565554   0.714694
      0.12   0.970024   0.572497   0.720037
      0.13   0.969228   0.585899   0.730319
      0.14   0.968312   0.593504   0.735934
      0.15   0.963256   0.607433   0.745041
      0.16   0.959713    0.61914   0.752694
      0.17   0.952787   0.634589   0.761796
      0.18   0.947651   0.644168    0.76698
      0.19   0.938416   0.656367    0.77245
       0.2   0.931131   0.664939   0.775837
      0.21   0.920143   0.679555   0.781757
      0.22   0.908519   0.698113   0.789539
      0.23   0.890326   0.710131   0.790084
      0.24   0.871298   0.727854   0.793142
      0.25   0.857962   0.737286    0.79306
      0.26   0.840048   0.751464    0.79329
      0.27   0.823806   0.759233   0.790203
      0.28   0.792675   0.771747   0.782071
      0.29   0.772771   0.780643   0.776687
       0.3   0.749482   0.793915   0.771059
      0.31   0.727189   0.804397   0.763847
      0.32   0.704419   0.811129   0.754017
      0.33   0.676791   0.823045   0.742787
      0.34   0.651393   0.831044   0.730333
      0.35   0.611465   0.836871   0.706628
      0.36   0.594666   0.839554   0.696203
      0.37   0.571855   0.847144   0.682796
      0.38   0.555573   0.860077   0.675076
      0.39   0.532245   0.864997   0.658999
       0.4   0.518949   0.866161   0.649036
      0.41   0.490645    0.86532   0.626218
      0.42   0.464689   0.864613   0.604492
      0.43   0.445382   0.863171   0.587582
      0.44   0.415287   0.861678   0.560459
      0.45   0.395581   0.861072   0.542113
      0.46   0.375119   0.862823   0.522903
      0.47   0.364252   0.864012    0.51246
      0.48   0.348607    0.86281   0.496578
      0.49   0.342158   0.863791   0.490158
       0.5   0.328185   0.863582   0.475621
      0.51   0.305971   0.860525    0.45143
      0.52   0.295303    0.85866   0.439467
      0.53   0.282484    0.85884   0.425135
      0.54   0.275836   0.858491   0.417521
      0.55   0.264928   0.855945    0.40462
      0.56   0.257285   0.855222   0.395567
      0.57   0.248965   0.854288   0.385565
      0.58    0.23957   0.854185   0.374192
      0.59   0.233121   0.854054   0.366267
       0.6   0.226314   0.856611   0.358036
      0.61   0.220183   0.855491   0.350226
      0.62   0.213177    0.84995   0.340862
      0.63   0.209355   0.848205   0.335822
      0.64    0.20625   0.849417   0.331908
      0.65   0.203344   0.848649   0.328078
      0.66   0.197293   0.846939   0.320034
      0.67   0.194188   0.845528   0.315839
      0.68     0.1875   0.844848   0.306891
      0.69   0.181529   0.846824   0.298969
       0.7   0.173965   0.842784   0.288399
      0.71   0.167158    0.83668   0.278646
      0.72   0.165525   0.836538   0.276366
      0.73   0.159435   0.836442    0.26782
      0.74   0.156728   0.834808   0.263909
      0.75   0.144785   0.828125   0.246477
      0.76   0.141282   0.824477   0.241227
      0.77   0.135748   0.823038   0.233057
      0.78   0.133519   0.822719   0.229752
      0.79   0.126632    0.81769   0.219302
       0.8   0.120064   0.810707   0.209152
      0.81   0.103264   0.787611   0.182589
      0.82   0.084793   0.758355   0.152531
      0.83  0.0783041   0.745205   0.141717
      0.84  0.0678344   0.731343   0.124153
      0.85  0.0658439   0.728395   0.120771
      0.86  0.0600318   0.715686   0.110772
      0.87  0.0586783   0.706081   0.108352
      0.88  0.0533439   0.678967  0.0989164
      0.89  0.0519904   0.664093  0.0964315
       0.9  0.0427548   0.627706  0.0800567
      0.91  0.0380175   0.600939   0.071511
      0.92  0.0361863   0.568528  0.0680418
      0.93  0.0272691   0.505882  0.0517487
      0.94  0.0248806      0.475  0.0472844
      0.95  0.0194666   0.424658  0.0372266
      0.96  0.0182325   0.389706  0.0348352
      0.97  0.0136146   0.276786  0.0259527
      0.98 0.00991242   0.148936  0.0185877
      0.99 0.00262739  0.0128205 0.00436104
