         0          1   0.295659   0.456384
      0.01    0.99171   0.361017   0.529337
      0.02    0.99171   0.361017   0.529337
      0.03    0.99171   0.361194   0.529527
      0.04    0.99171   0.361825   0.530205
      0.05    0.99171   0.362528   0.530959
      0.06   0.991671   0.364179   0.532722
      0.07   0.991671    0.36628   0.534966
      0.08   0.991631   0.370496   0.539443
      0.09   0.991631    0.37384   0.542979
       0.1   0.991514   0.380519   0.549972
      0.11   0.991514   0.388019   0.557763
      0.12   0.991162    0.39266   0.562486
      0.13   0.990224   0.401844    0.57169
      0.14    0.98819   0.409783   0.579329
      0.15   0.985179   0.423549   0.592409
      0.16    0.98381   0.434654    0.60293
      0.17    0.98033   0.449432   0.616314
      0.18   0.976107   0.460727   0.625986
      0.19   0.972861   0.478286   0.641294
       0.2   0.970397   0.489464   0.650712
      0.21    0.96461   0.506374   0.664118
      0.22   0.954755   0.522398   0.675302
      0.23   0.950962   0.533491   0.683524
      0.24   0.938018   0.549912   0.693349
      0.25   0.930588   0.562451   0.701134
      0.26   0.917996   0.582559   0.712786
      0.27   0.904388   0.593545   0.716714
      0.28   0.892343   0.613026   0.726771
      0.29   0.885734   0.627746   0.734752
       0.3    0.87588   0.650181   0.746341
      0.31   0.863992     0.6695   0.754412
      0.32   0.852847   0.686903   0.760933
      0.33   0.838143   0.711114   0.769421
      0.34   0.829501   0.725981   0.774296
      0.35   0.810965   0.750191   0.779395
      0.36   0.795284   0.767621   0.781208
      0.37   0.777061   0.787649   0.782319
      0.38   0.760598   0.798916   0.779286
      0.39   0.735805   0.815251   0.773493
       0.4   0.723565   0.829417   0.772883
      0.41   0.705772   0.848288   0.770495
      0.42   0.682583   0.863594   0.762493
      0.43   0.668857   0.870158   0.756342
      0.44   0.646058   0.885165   0.746943
      0.45   0.631394   0.895777     0.7407
      0.46   0.615791   0.902112   0.731947
      0.47   0.604607   0.906915    0.72553
      0.48   0.588378   0.914097   0.715931
      0.49   0.573088   0.916858   0.705314
       0.5   0.556351   0.922242   0.694025
      0.51   0.539183   0.926684   0.681716
      0.52   0.525536   0.928516   0.671184
      0.53   0.501212   0.933755   0.652293
      0.54    0.48952   0.937085   0.643096
      0.55   0.461129   0.943875   0.619569
      0.56   0.441186   0.946502    0.60184
      0.57   0.416862   0.950445    0.57954
      0.58   0.398013   0.953627   0.561623
      0.59   0.377131    0.95541   0.540794
       0.6   0.358243   0.957954   0.521473
      0.61   0.336462   0.960587   0.498363
      0.62   0.315071   0.963948   0.474914
      0.63   0.291061    0.96338   0.447055
      0.64   0.254771   0.963696   0.403001
      0.65   0.238933   0.965352   0.383057
      0.66   0.209682   0.970149   0.344834
      0.67   0.196973   0.972543   0.327597
      0.68   0.177069   0.974152   0.299668
      0.69   0.169912    0.97619   0.289445
       0.7   0.155717   0.974026   0.268508
      0.71   0.139801   0.973469   0.244491
      0.72   0.133584     0.9718   0.234881
      0.73   0.119975   0.968523   0.213503
      0.74   0.108791    0.96817   0.195602
      0.75  0.0994056   0.964602   0.180237
      0.76  0.0876349   0.961165   0.160625
      0.77  0.0822384   0.958621   0.151481
      0.78  0.0786016   0.957746    0.14528
      0.79  0.0716018   0.958333   0.133248
       0.8  0.0700375   0.957364   0.130526
      0.81  0.0659706   0.958506   0.123445
      0.82  0.0611997   0.959091   0.115058
      0.83  0.0593618   0.961538    0.11182
      0.84  0.0507977   0.966292  0.0965214
      0.85  0.0477084   0.975309  0.0909671
      0.86  0.0396919   0.976923  0.0762843
      0.87  0.0348037   0.974359  0.0672068
      0.88  0.0253793          1  0.0495023
      0.89  0.0215079          1  0.0421101
       0.9  0.0184968          1  0.0363218
      0.91   0.016698          1  0.0328474
      0.92  0.0143907          1  0.0283732
      0.93 0.00989363          1  0.0195934
      0.94 0.00879869          1  0.0174439
      0.95 0.00316753          1 0.00631505
      0.96 0.00262005          1 0.00522641
      0.97          0          0          0
      0.98          0          0          0
      0.99          0          0          0
