         0          1   0.168956   0.289072
      0.01   0.949951   0.266621   0.416378
      0.02   0.949951   0.266621   0.416378
      0.03   0.949951   0.266639     0.4164
      0.04   0.949951   0.267167   0.417043
      0.05   0.949951    0.26744   0.417376
      0.06   0.949951   0.268363   0.418499
      0.07   0.949951   0.269066   0.419354
      0.08   0.949705   0.270795   0.421427
      0.09    0.94872   0.272502   0.423393
       0.1    0.94831   0.274589   0.425866
      0.11   0.946587   0.276407   0.427874
      0.12   0.936823   0.278574   0.429447
      0.13   0.918444   0.282621   0.432235
      0.14   0.904742   0.286138   0.434773
      0.15    0.89301   0.291994   0.440089
      0.16   0.884887   0.296901    0.44462
      0.17   0.865113   0.302021   0.447734
      0.18   0.849934   0.307364   0.451464
      0.19   0.831309   0.316105   0.458041
       0.2    0.81572   0.320136   0.459815
      0.21   0.800049   0.329484   0.466747
      0.22   0.787906   0.339306   0.474341
      0.23   0.782573   0.346766   0.480581
      0.24   0.774204   0.360269    0.49172
      0.25   0.770184   0.369227   0.499157
      0.26   0.757795   0.378731   0.505048
      0.27   0.751231   0.386165   0.510111
      0.28   0.739744   0.398478   0.517951
      0.29   0.728421   0.406107    0.52148
       0.3   0.718658   0.420099    0.53024
      0.31   0.703397   0.429441   0.533293
      0.32   0.683459   0.437287   0.533338
      0.33   0.665655   0.451343   0.537939
      0.34   0.656219   0.461452   0.541865
      0.35   0.643174   0.474334   0.545999
      0.36   0.631687   0.481481    0.54645
      0.37   0.613636   0.495079   0.548019
      0.38   0.602724   0.503325   0.548558
      0.39   0.573433   0.517144   0.543836
       0.4    0.55809   0.530056   0.543712
      0.41   0.535445   0.542465   0.538932
      0.42   0.521825   0.554654   0.537739
      0.43   0.503446   0.562705   0.531429
      0.44   0.495816   0.582593   0.535713
      0.45    0.48236   0.591951   0.531566
      0.46   0.473088    0.61022   0.532975
      0.47   0.461109   0.617044     0.5278
      0.48   0.446505   0.636574   0.524862
      0.49   0.434116   0.642901   0.518271
       0.5    0.41705   0.658487   0.510669
      0.51   0.398835   0.675285   0.501485
      0.52   0.389153   0.681041   0.495292
      0.53   0.355185   0.685237    0.46786
      0.54   0.330325   0.690547   0.446883
      0.55   0.308828   0.701542   0.428865
      0.56   0.292419   0.720624   0.416022
      0.57   0.262553   0.723404   0.385275
      0.58   0.245734   0.739067   0.368833
      0.59   0.234083   0.756058   0.357485
       0.6   0.221776   0.765957   0.343961
      0.61   0.196997   0.776908   0.314299
      0.62   0.186331   0.785867   0.301238
      0.63   0.175747    0.79021   0.287542
      0.64   0.159829      0.792   0.265982
      0.65   0.145143        0.8   0.245707
      0.66   0.128569    0.82069   0.222311
      0.67   0.120939   0.838346   0.211383
      0.68   0.109616   0.882883   0.195019
      0.69  0.0980473   0.897436   0.176781
       0.7  0.0903348     0.9375   0.164791
      0.71  0.0874631   0.945122   0.160109
      0.72  0.0837709   0.949045   0.153953
      0.73  0.0766328   0.952703   0.141855
      0.74  0.0766328   0.958333   0.141917
      0.75  0.0745816   0.969466   0.138508
      0.76  0.0703151    0.97479   0.131168
      0.77  0.0673613   0.990566   0.126144
      0.78  0.0607975          1   0.114626
      0.79  0.0552182          1   0.104657
       0.8   0.051362          1  0.0977056
      0.81  0.0399573          1  0.0768442
      0.82  0.0275681          1   0.053657
      0.83  0.0210863          1  0.0413017
      0.84  0.0184608          1  0.0362523
      0.85  0.0146866          1   0.028948
      0.86  0.0114047          1  0.0225521
      0.87  0.0097637          1  0.0193386
      0.88 0.00434854          1 0.00865942
      0.89          0          0          0
       0.9          0          0          0
      0.91          0          0          0
      0.92          0          0          0
      0.93          0          0          0
      0.94          0          0          0
      0.95          0          0          0
      0.96          0          0          0
      0.97          0          0          0
      0.98          0          0          0
      0.99          0          0          0
