         0          1   0.337394   0.504555
      0.01   0.905224   0.384335   0.539578
      0.02   0.905224   0.384354   0.539597
      0.03   0.905224   0.384354   0.539597
      0.04   0.905224   0.384475   0.539717
      0.05   0.905224   0.384965   0.540199
      0.06   0.905224   0.385831   0.541051
      0.07   0.904754   0.387085   0.542199
      0.08   0.904625   0.388928   0.543981
      0.09    0.90377   0.390583   0.545442
       0.1   0.901288   0.395166   0.549435
      0.11   0.899106   0.400628   0.554278
      0.12   0.897437      0.406   0.559075
      0.13   0.893586   0.415452   0.567198
      0.14   0.889436   0.421432   0.571891
      0.15   0.880578   0.433097   0.580624
      0.16   0.875059    0.44053   0.586033
      0.17   0.844594   0.449907   0.587081
      0.18   0.833298   0.455977   0.589424
      0.19   0.813786   0.466672    0.59318
       0.2   0.797912   0.471639   0.592849
      0.21   0.775234   0.480048   0.592934
      0.22   0.745454   0.491706   0.592557
      0.23   0.721706   0.500054   0.590774
      0.24    0.69368   0.509288   0.587352
      0.25    0.67143   0.519835   0.585987
      0.26   0.643918   0.534189   0.583943
      0.27   0.628001   0.543233   0.582549
      0.28   0.609217   0.560852   0.584034
      0.29   0.592187   0.570221   0.580997
       0.3   0.565059   0.583396   0.574081
      0.31   0.534894   0.597349   0.564399
      0.32   0.520731   0.610166   0.561912
      0.33   0.497754   0.632648   0.557152
      0.34    0.48834   0.648656   0.557196
      0.35   0.460314   0.667837   0.544989
      0.36   0.446579   0.681173   0.539476
      0.37   0.406059    0.69671   0.513082
      0.38   0.391382   0.709802   0.504555
      0.39   0.368833   0.733655   0.490883
       0.4   0.349065   0.746799   0.475755
      0.41    0.33195   0.765393   0.463068
      0.42   0.318728   0.795737   0.455149
      0.43    0.31047    0.81238   0.449249
      0.44   0.293783   0.849711    0.43661
      0.45   0.282102   0.860649   0.424923
      0.46   0.261949   0.874435   0.403133
      0.47   0.243678   0.871615   0.380875
      0.48   0.207779   0.869871   0.335435
      0.49   0.193145   0.881443   0.316859
       0.5   0.172479   0.887262   0.288814
      0.51   0.153224   0.897521   0.261761
      0.52     0.1415   0.896613   0.244426
      0.53   0.115271   0.904762   0.204489
      0.54   0.111591   0.903803   0.198655
      0.55   0.101023    0.89433   0.181539
      0.56  0.0943905   0.901198   0.170883
      0.57  0.0838646   0.915789   0.153658
      0.58   0.078345   0.928287   0.144495
      0.59  0.0698729    0.92823   0.129963
       0.6  0.0605451   0.930851   0.113695
      0.61  0.0546832   0.936709   0.103334
      0.62  0.0461683    0.97619  0.0881669
      0.63  0.0373968   0.982301  0.0720505
      0.64  0.0336314   0.980952  0.0650332
      0.65  0.0328612       0.99   0.063611
      0.66  0.0314064   0.989247  0.0608801
      0.67  0.0292243          1  0.0567889
      0.68  0.0261435          1  0.0509549
      0.69  0.0261435          1  0.0509549
       0.7   0.025031          1  0.0488395
      0.71  0.0246031          1  0.0480247
      0.72  0.0246031          1  0.0480247
      0.73  0.0241753          1  0.0472092
      0.74  0.0241753          1  0.0472092
      0.75  0.0225493          1  0.0441041
      0.76  0.0225493          1  0.0441041
      0.77  0.0208378          1  0.0408249
      0.78  0.0197681          1  0.0387698
      0.79  0.0189979          1  0.0372874
       0.8  0.0182277          1  0.0358028
      0.81  0.0173292          1   0.034068
      0.82  0.0169013          1  0.0332408
      0.83  0.0166446          1  0.0327441
      0.84  0.0163023          1  0.0320815
      0.85  0.0154465          1  0.0304231
      0.86  0.0151042          1  0.0297589
      0.87  0.0147619          1  0.0290943
      0.88   0.014334          1  0.0282629
      0.89  0.0139917          1  0.0275973
       0.9  0.0127081          1  0.0250972
      0.91   0.012323          1  0.0243459
      0.92  0.0114244          1  0.0225907
      0.93 0.00979847          1  0.0194068
      0.94 0.00504899          1  0.0100473
      0.95          0          0          0
      0.96          0          0          0
      0.97          0          0          0
      0.98          0          0          0
      0.99          0          0          0
