         0          1   0.223995   0.366006
      0.01   0.951248   0.270877   0.421677
      0.02   0.951248   0.270877   0.421677
      0.03   0.951248   0.270877   0.421677
      0.04   0.951248   0.270925   0.421735
      0.05   0.951248   0.270932   0.421744
      0.06   0.951248   0.271353   0.422254
      0.07   0.951054   0.271888   0.422883
      0.08    0.95099   0.273074   0.424308
      0.09    0.95099   0.273612   0.424958
       0.1    0.95099   0.275356   0.427059
      0.11   0.950861   0.278081   0.430315
      0.12   0.950667   0.279981   0.432567
      0.13   0.950667   0.283255   0.436463
      0.14   0.950345   0.285155   0.438681
      0.15   0.949313   0.288241   0.442212
      0.16   0.948926   0.290707   0.445066
      0.17   0.948281   0.294407   0.449317
      0.18   0.944993   0.297527   0.452566
      0.19   0.937964   0.303566   0.458683
       0.2   0.933836   0.307606   0.462774
      0.21   0.926936   0.314184   0.469299
      0.22   0.917973   0.319681   0.474217
      0.23   0.906816   0.324347   0.477797
      0.24   0.886825   0.332639   0.483807
      0.25    0.87496   0.337918   0.487542
      0.26   0.849036   0.347983   0.493644
      0.27   0.835429    0.35624    0.49949
      0.28   0.813891   0.365277   0.504246
      0.29   0.798865   0.373044   0.508592
       0.3   0.766235   0.384309   0.511882
      0.31   0.746889     0.3993    0.52039
      0.32    0.73096   0.407734   0.523472
      0.33   0.710582     0.4214   0.529053
      0.34   0.696847   0.431607   0.533055
      0.35   0.673825   0.450821   0.540213
      0.36   0.649449    0.46177   0.539761
      0.37   0.634101   0.479883   0.546317
      0.38   0.622042   0.491817   0.549317
      0.39   0.599084   0.517593   0.555365
       0.4   0.582834   0.533449   0.557049
      0.41   0.551364   0.550571   0.550967
      0.42   0.536596   0.580491   0.557681
      0.43   0.530406   0.603509   0.564601
      0.44   0.518798   0.634555   0.570867
      0.45   0.510673    0.65359   0.573359
      0.46   0.498678   0.680808   0.575681
      0.47   0.494357   0.700214   0.579548
      0.48    0.48146   0.734382   0.581614
      0.49   0.473786    0.75739   0.582924
       0.5   0.456181   0.777344   0.574953
      0.51   0.431934   0.787208   0.557805
      0.52   0.419488   0.792969   0.548706
      0.53   0.398981   0.807966   0.534179
      0.54   0.385955   0.817978   0.524452
      0.55   0.363384   0.834154   0.506236
      0.56   0.351196   0.842609   0.495761
      0.57   0.332495   0.864504   0.480273
      0.58   0.322242   0.865597   0.469645
      0.59   0.313987   0.875135   0.462158
       0.6   0.304443   0.882554   0.452718
      0.61   0.290578   0.892365   0.438401
      0.62   0.282131   0.915629    0.43135
      0.63   0.269427   0.925982   0.417404
      0.64   0.252854   0.943299   0.398806
      0.65   0.236474   0.954111   0.379011
      0.66   0.219256   0.967811   0.357517
      0.67   0.207713   0.969697   0.342138
      0.68   0.183917   0.975741   0.309497
      0.69   0.166763    0.98503   0.285237
       0.7   0.143677   0.996403   0.251141
      0.71   0.118011          1   0.211109
      0.72   0.109499          1   0.197384
      0.73   0.089508          1   0.164309
      0.74  0.0849939          1   0.156672
      0.75  0.0728058          1    0.13573
      0.76  0.0684207          1   0.128078
      0.77  0.0617141          1   0.116254
      0.78  0.0578448          1   0.109364
      0.79  0.0473335          1  0.0903885
       0.8  0.0395305          1  0.0760546
      0.81  0.0313407          1  0.0607766
      0.82  0.0200555          1  0.0393223
      0.83  0.0191526          1  0.0375854
      0.84   0.014832          1  0.0292305
      0.85  0.0094151          1  0.0186546
      0.86 0.00509447          1  0.0101373
      0.87 0.00264397          1 0.00527399
      0.88          0          0          0
      0.89          0          0          0
       0.9          0          0          0
      0.91          0          0          0
      0.92          0          0          0
      0.93          0          0          0
      0.94          0          0          0
      0.95          0          0          0
      0.96          0          0          0
      0.97          0          0          0
      0.98          0          0          0
      0.99          0          0          0
