         0          1   0.193017   0.323578
      0.01   0.928645   0.257515   0.403217
      0.02   0.928645   0.257674   0.403412
      0.03   0.928645   0.258152   0.403997
      0.04   0.928645   0.260111   0.406392
      0.05   0.928645   0.262144    0.40887
      0.06   0.928645   0.267588   0.415461
      0.07   0.928645   0.272921   0.421861
      0.08   0.928645   0.281925   0.432537
      0.09   0.928645   0.289526   0.441428
       0.1   0.928524   0.302209   0.456002
      0.11   0.928524   0.316334     0.4719
      0.12   0.928524   0.327271   0.483963
      0.13   0.928342    0.34458   0.502605
      0.14   0.928099   0.355895   0.514497
      0.15   0.924276   0.372741   0.531243
      0.16   0.922578   0.386628   0.544901
      0.17   0.918452   0.409234   0.566191
      0.18   0.915782   0.425332   0.580877
      0.19   0.903525   0.449306   0.600162
       0.2   0.898368   0.466971   0.614517
      0.21   0.874097   0.486693    0.62525
      0.22   0.855531    0.50717   0.636823
      0.23   0.840968    0.52164   0.643886
      0.24   0.818215   0.543057   0.652827
      0.25   0.798313   0.554301   0.654297
      0.26   0.780839   0.577114   0.663695
      0.27   0.762939   0.593182   0.667435
      0.28   0.743037   0.613337   0.671986
      0.29   0.730295   0.628654   0.675674
       0.3   0.703719   0.653528   0.677696
      0.31    0.67508   0.694274   0.684543
      0.32   0.661671   0.727625   0.693082
      0.33   0.649354     0.7655    0.70266
      0.34   0.635095   0.799277   0.707789
      0.35   0.615011   0.820088   0.702897
      0.36   0.599964   0.827604   0.695634
      0.37   0.566592   0.843333   0.677803
      0.38   0.551119   0.853588   0.669789
      0.39   0.537346   0.865846   0.663144
       0.4   0.523391   0.879332   0.656201
      0.41   0.503368   0.887748   0.642454
      0.42    0.48201   0.895728   0.626751
      0.43   0.466659    0.89962   0.614538
      0.44   0.441053   0.904878   0.593046
      0.45   0.434258   0.913706   0.588716
      0.46   0.417754   0.919927   0.574581
      0.47   0.404162   0.924257   0.562398
      0.48   0.385292   0.930426   0.544928
      0.49   0.364298   0.939759   0.525058
       0.5   0.350039   0.961722   0.513265
      0.51   0.331715   0.967784   0.494081
      0.52   0.321097   0.967611   0.482184
      0.53   0.308476   0.967283   0.467775
      0.54    0.29264    0.96875   0.449496
      0.55   0.278624   0.966825   0.432584
      0.56   0.274498   0.969055   0.427812
      0.57   0.265154   0.971039   0.416561
      0.58   0.256113   0.970123   0.405242
      0.59   0.251502   0.968978   0.399351
       0.6   0.247194   0.967681   0.393793
      0.61    0.23336   0.971193   0.376301
      0.62   0.226443     0.9718   0.367299
      0.63   0.222074   0.970787   0.361461
      0.64   0.211274   0.971698   0.347082
      0.65   0.203689    0.97549   0.337008
      0.66   0.187792   0.976316   0.314995
      0.67   0.179297   0.975207   0.302904
      0.68   0.174807    0.97971   0.296679
      0.69   0.168072   0.987879    0.28727
       0.7   0.160913   0.996711   0.277091
      0.71   0.155391          1   0.268984
      0.72   0.149445          1    0.26003
      0.73   0.144591          1   0.252651
      0.74   0.135186          1   0.238174
      0.75   0.128694          1    0.22804
      0.76    0.12299          1    0.21904
      0.77   0.108246          1   0.195346
      0.78   0.104545          1   0.189299
      0.79  0.0985984          1   0.179499
       0.8  0.0902858          1   0.165619
      0.81  0.0844002          1   0.155662
      0.82  0.0768157          1   0.142672
      0.83  0.0745707          1   0.138792
      0.84  0.0718403          1    0.13405
      0.85  0.0686852          1   0.128541
      0.86   0.061404          1   0.115703
      0.87  0.0530308          1    0.10072
      0.88  0.0480553          1  0.0917038
      0.89  0.0450215          1  0.0861639
       0.9  0.0407135          1  0.0782416
      0.91  0.0344639          1  0.0666315
      0.92  0.0253019          1   0.049355
      0.93  0.0129846          1  0.0256364
      0.94  0.0100115          1  0.0198246
      0.95 0.00618894          1  0.0123018
      0.96          0          0          0
      0.97          0          0          0
      0.98          0          0          0
      0.99          0          0          0
