         0          1   0.230724    0.37494
      0.01   0.822559   0.203225   0.325926
      0.02   0.822559   0.203225   0.325926
      0.03   0.822559   0.203255   0.325964
      0.04   0.822559   0.203613   0.326424
      0.05   0.822559   0.204149   0.327113
      0.06   0.822474   0.205602   0.328969
      0.07    0.82239   0.207081   0.330852
      0.08   0.820528    0.20962   0.333931
      0.09   0.819597   0.212477   0.337467
       0.1   0.812236   0.216646   0.342056
      0.11   0.806989   0.221433   0.347512
      0.12   0.799712   0.225116   0.351333
      0.13   0.779743    0.22981   0.354994
      0.14   0.765189   0.233771   0.358131
      0.15   0.748181   0.240053   0.363483
      0.16   0.735488   0.243053   0.365365
      0.17   0.710188   0.249321   0.369074
      0.18   0.695549   0.254516   0.372666
      0.19   0.676172   0.260416   0.376016
       0.2   0.662633   0.262421   0.375954
      0.21   0.644271   0.266617   0.377156
      0.22   0.608732   0.269122   0.373236
      0.23   0.583263   0.271234   0.370278
      0.24   0.558132   0.273203    0.36684
      0.25   0.531393   0.274915   0.362363
      0.26   0.507869   0.276892   0.358389
      0.27   0.490354   0.278007   0.354838
      0.28   0.466661   0.279681   0.349749
      0.29   0.456592   0.282497    0.34904
       0.3   0.440599   0.283098    0.34471
      0.31   0.421645   0.287108   0.341607
      0.32   0.404806   0.289984   0.337907
      0.33   0.373329   0.290002   0.326432
      0.34   0.362244   0.294577   0.324925
      0.35   0.336182    0.29943   0.316744
      0.36   0.313589   0.302593   0.307993
      0.37   0.285327     0.3085   0.296462
      0.38   0.275935   0.314736   0.294061
      0.39   0.256135   0.321651   0.285178
       0.4   0.241242   0.327943   0.277989
      0.41    0.22398   0.332488   0.267655
      0.42   0.199865   0.340805   0.251965
      0.43   0.190218    0.35094   0.246712
      0.44   0.164833   0.364481   0.227005
      0.45   0.155102   0.375425   0.219515
      0.46   0.141902   0.393762   0.208622
      0.47   0.133441    0.40552   0.200804
      0.48   0.118379    0.42798    0.18546
      0.49   0.110425    0.45173   0.177468
       0.5    0.10374   0.486258   0.170999
      0.51  0.0976477   0.512107    0.16402
      0.52  0.0962092    0.53455   0.163069
      0.53  0.0929091   0.571217   0.159823
      0.54  0.0918091   0.590112   0.158897
      0.55  0.0847859   0.625698   0.149336
      0.56  0.0833474    0.63834   0.147443
      0.57   0.079032    0.66302   0.141229
      0.58  0.0765781   0.678571   0.137625
      0.59  0.0722627   0.698895   0.130982
       0.6  0.0704011   0.707101   0.128053
      0.61  0.0643087   0.728522   0.118185
      0.62  0.0586394   0.736641   0.108631
      0.63  0.0574547   0.742857    0.10666
      0.64  0.0535624   0.730769  0.0998091
      0.65  0.0489084   0.718085  0.0915795
      0.66  0.0396852   0.721519  0.0752325
      0.67  0.0362159   0.723404  0.0689786
      0.68  0.0308005   0.727273  0.0590981
      0.69  0.0289389   0.733945  0.0556823
       0.7  0.0255542   0.744681  0.0494128
      0.71  0.0208157   0.777778  0.0405463
      0.72  0.0205619   0.824324  0.0401229
      0.73   0.018108   0.835821   0.035448
      0.74  0.0180234   0.873016  0.0353176
      0.75  0.0176003   0.881356  0.0345114
      0.76  0.0170926      0.875  0.0335302
      0.77  0.0155695   0.865385  0.0305886
      0.78  0.0145541      0.875  0.0286319
      0.79  0.0135387   0.880952  0.0266675
       0.8  0.0126925   0.868421  0.0250193
      0.81 0.00846167    0.90625  0.0167668
      0.82  0.0066001   0.896552  0.0131037
      0.83 0.00634625   0.888889  0.0126025
      0.84 0.00592317   0.904762  0.0117693
      0.85 0.00566932   0.933333  0.0112702
      0.86 0.00414622          1 0.00825819
      0.87 0.00414622          1 0.00825819
      0.88 0.00414622          1 0.00825819
      0.89 0.00143848          1 0.00287283
       0.9          0          0          0
      0.91          0          0          0
      0.92          0          0          0
      0.93          0          0          0
      0.94          0          0          0
      0.95          0          0          0
      0.96          0          0          0
      0.97          0          0          0
      0.98          0          0          0
      0.99          0          0          0
