         0          1   0.150167   0.261123
      0.01    0.86735   0.162343   0.273495
      0.02    0.86735   0.162367   0.273529
      0.03    0.86735   0.162423   0.273609
      0.04    0.86735   0.162769   0.274099
      0.05    0.86735   0.163179   0.274681
      0.06    0.86735   0.164136   0.276035
      0.07    0.86735   0.165136   0.277449
      0.08   0.866875   0.166976   0.280016
      0.09   0.866021   0.168113   0.281568
       0.1   0.861657   0.170568   0.284766
      0.11    0.85881   0.172695   0.287565
      0.12   0.857956   0.174408   0.289887
      0.13   0.855774   0.177096   0.293462
      0.14   0.852548   0.179562   0.296646
      0.15   0.848942   0.183907   0.302322
      0.16   0.846095   0.186536    0.30568
      0.17   0.834709   0.189783   0.309253
      0.18    0.82598   0.191565   0.311001
      0.19   0.804536   0.195675   0.314788
       0.2   0.795711   0.199159    0.31858
      0.21   0.777208    0.20259   0.321403
      0.22   0.760603   0.208424   0.327189
      0.23   0.753582   0.212088   0.331015
      0.24   0.735649   0.217957   0.336282
      0.25   0.722554   0.222835   0.340622
      0.26   0.701774   0.229801   0.346227
      0.27   0.690293   0.234319   0.349874
      0.28   0.672455   0.239517   0.353222
      0.29   0.642471   0.242234   0.351819
       0.3    0.62691   0.247765   0.355164
      0.31   0.594364   0.247555    0.34953
      0.32   0.565139   0.247274   0.344022
      0.33   0.533922   0.248355   0.339016
      0.34   0.515419   0.249634   0.336359
      0.35   0.463706   0.243868   0.319636
      0.36   0.451656   0.243611   0.316507
      0.37   0.421672   0.243354   0.308606
      0.38   0.403928   0.246106   0.305858
      0.39   0.383813   0.248391   0.301598
       0.4   0.371098   0.250745   0.299275
      0.41   0.356011   0.256448   0.298137
      0.42    0.34472   0.260088   0.296483
      0.43   0.332384   0.263926   0.294225
      0.44   0.313407   0.271654   0.291041
      0.45   0.307809   0.277508   0.291874
      0.46   0.289781   0.286869   0.288317
      0.47   0.284088   0.290569   0.287292
      0.48   0.274979   0.299048   0.286509
      0.49   0.261315   0.301474   0.279962
       0.5   0.253724   0.314271   0.280771
      0.51   0.239966     0.3233   0.275468
      0.52   0.239491   0.331395   0.278046
      0.53   0.231616   0.340736   0.275774
      0.54   0.227251   0.346335   0.274431
      0.55   0.224215   0.358974   0.276025
      0.56   0.218427   0.366044   0.273594
      0.57   0.204858   0.371575   0.264108
      0.58   0.199355   0.377138   0.260833
      0.59   0.187968      0.391   0.253885
       0.6   0.179429   0.398936   0.247528
      0.61   0.168517   0.408551   0.238612
      0.62   0.165291       0.42   0.237223
      0.63   0.157795   0.432706   0.231257
      0.64   0.149065   0.438312   0.222471
      0.65   0.134833    0.43672    0.20605
      0.66   0.115571   0.428279   0.182023
      0.67   0.107126   0.427928   0.171355
      0.68  0.0878641   0.428184   0.145808
      0.69  0.0766676   0.429003   0.130087
       0.7  0.0696461   0.467626   0.121236
      0.71  0.0585445   0.466942   0.104044
      0.72   0.055603   0.476852   0.099593
      0.73  0.0524718    0.51462  0.0952333
      0.74  0.0484866   0.549669  0.0891125
      0.75  0.0412753   0.612613  0.0773397
      0.76  0.0363412   0.674699  0.0689676
      0.77  0.0263782    0.69697  0.0508326
      0.78  0.0242907   0.763636  0.0470838
      0.79  0.0197362   0.864865  0.0385918
       0.8  0.0183129   0.964286  0.0359433
      0.81  0.0153715          1  0.0302775
      0.82  0.0125249          1  0.0247399
      0.83 0.00939368          1  0.0186125
      0.84          0          0          0
      0.85          0          0          0
      0.86          0          0          0
      0.87          0          0          0
      0.88          0          0          0
      0.89          0          0          0
       0.9          0          0          0
      0.91          0          0          0
      0.92          0          0          0
      0.93          0          0          0
      0.94          0          0          0
      0.95          0          0          0
      0.96          0          0          0
      0.97          0          0          0
      0.98          0          0          0
      0.99          0          0          0
