         0          1   0.282356    0.44037
      0.01   0.895439   0.345432   0.498542
      0.02   0.895439   0.345448   0.498559
      0.03   0.895439    0.34561   0.498727
      0.04   0.895439     0.3466   0.499758
      0.05   0.895439   0.347728   0.500929
      0.06   0.895439   0.350599   0.503902
      0.07   0.895158    0.35324   0.506578
      0.08   0.895101    0.35851   0.511965
      0.09   0.894651   0.362597   0.516044
       0.1   0.894088   0.370011   0.523412
      0.11   0.891836   0.377787   0.530747
      0.12   0.889583   0.382733   0.535201
      0.13   0.886261   0.392189   0.543755
      0.14   0.875845   0.395231   0.544674
      0.15   0.860473   0.402167   0.548143
      0.16   0.853153   0.407581   0.551629
      0.17   0.839583   0.415124   0.555558
      0.18   0.832545   0.421511   0.559667
      0.19   0.816441   0.429274   0.562692
       0.2   0.804899   0.434576   0.564416
      0.21   0.778885   0.443887   0.565497
      0.22   0.761599   0.452203   0.567469
      0.23   0.747128   0.457965   0.567854
      0.24   0.726914   0.463529   0.566085
      0.25   0.714471   0.466562   0.564497
      0.26     0.6808   0.470077   0.556147
      0.27   0.662331    0.47531   0.553448
      0.28   0.625507   0.479385   0.542783
      0.29   0.598142   0.481878   0.533752
       0.3   0.568637   0.487112   0.524727
      0.31   0.537162   0.487438   0.511094
      0.32   0.503716   0.486801   0.495114
      0.33   0.474944   0.493663   0.484123
      0.34   0.456081    0.49732   0.475809
      0.35   0.425676   0.504251   0.461644
      0.36   0.404617   0.506285   0.449777
      0.37   0.370664   0.510102   0.429346
      0.38   0.350338   0.513632   0.416553
      0.39   0.325957   0.515961   0.399519
       0.4    0.31509   0.517901   0.391806
      0.41   0.293694   0.523624   0.376316
      0.42   0.269764   0.522609   0.355845
      0.43   0.253829   0.525305   0.342271
      0.44   0.232939   0.528096   0.323281
      0.45   0.224437   0.530624   0.315449
      0.46    0.20366   0.530256    0.29429
      0.47   0.190259   0.525333   0.279347
      0.48   0.175563   0.528288   0.263544
      0.49   0.165766   0.532437    0.25282
       0.5   0.154392   0.550699    0.24117
      0.51   0.143187   0.560429   0.228096
      0.52    0.13384   0.563231   0.216285
      0.53   0.120495   0.565882   0.198684
      0.54   0.116554   0.580808   0.194147
      0.55     0.1125    0.60585   0.189763
      0.56   0.111205   0.629909   0.189037
      0.57    0.10152   0.662207   0.176051
      0.58  0.0993806   0.677362   0.173331
      0.59  0.0954955   0.684314   0.167602
       0.6  0.0925113   0.697034   0.163343
      0.61  0.0900338   0.731935   0.160344
      0.62  0.0820383   0.749354   0.147886
      0.63  0.0815878   0.758713   0.147332
      0.64   0.079223   0.772334   0.143705
      0.65  0.0769707   0.777778   0.140079
      0.66  0.0721847   0.789655   0.132277
      0.67  0.0701577   0.792727   0.128907
      0.68  0.0619932   0.809717   0.115169
      0.69   0.060473   0.827434   0.112709
       0.7  0.0572635       0.86   0.107377
      0.71  0.0524775   0.867816  0.0989702
      0.72  0.0505631   0.865854  0.0955465
      0.73   0.047973   0.868056  0.0909212
      0.74  0.0439752   0.869231  0.0837152
      0.75  0.0383446   0.858407    0.07341
      0.76  0.0346284   0.843137  0.0665245
      0.77  0.0291667   0.852273  0.0564031
      0.78   0.026295   0.835443  0.0509854
      0.79  0.0225788   0.830986  0.0439631
       0.8  0.0179617   0.810345  0.0351444
      0.81  0.0155405   0.826087  0.0305072
      0.82  0.0148086          1  0.0291849
      0.83  0.0144707          1  0.0285286
      0.84  0.0134572          1   0.026557
      0.85  0.0124437          1  0.0245815
      0.86 0.00782658          1  0.0155316
      0.87 0.00602477          1  0.0119774
      0.88 0.00529279          1  0.0105299
      0.89 0.00529279          1  0.0105299
       0.9 0.00411036          1 0.00818707
      0.91 0.00287162          1  0.0057268
      0.92          0          0          0
      0.93          0          0          0
      0.94          0          0          0
      0.95          0          0          0
      0.96          0          0          0
      0.97          0          0          0
      0.98          0          0          0
      0.99          0          0          0
