         0          1   0.253826   0.404882
      0.01   0.934668   0.327958   0.485546
      0.02   0.934668   0.327991   0.485583
      0.03   0.934668   0.328106   0.485709
      0.04   0.934668   0.328617   0.486268
      0.05   0.934668   0.329124   0.486823
      0.06   0.934668    0.33043   0.488251
      0.07   0.934176   0.331467   0.489314
      0.08   0.933465   0.333246   0.491152
      0.09   0.932589   0.334694     0.4926
       0.1   0.928923    0.33799    0.49564
      0.11   0.921536   0.340118   0.496857
      0.12   0.918253   0.343432   0.499899
      0.13    0.90638   0.347531    0.50242
      0.14   0.893193   0.351269   0.504235
      0.15   0.862826   0.356078   0.504114
      0.16   0.850624   0.359786   0.505684
      0.17   0.831364   0.365336   0.507608
      0.18    0.81473   0.370033   0.508923
      0.19   0.789286   0.377045   0.510312
       0.2   0.770628    0.38286   0.511566
      0.21    0.73353   0.391054   0.510144
      0.22   0.697144   0.404325   0.511812
      0.23   0.664314   0.408604   0.505987
      0.24   0.616656   0.419969   0.499653
      0.25   0.594496   0.428726   0.498183
      0.26   0.548369   0.443186   0.490199
      0.27   0.526483   0.452683   0.486802
      0.28   0.477895   0.476471   0.477181
      0.29    0.45858    0.49519   0.476182
       0.3    0.42564   0.525325   0.470258
      0.31   0.396203   0.555591   0.462551
      0.32   0.381484   0.581379   0.460682
      0.33   0.358284    0.61252   0.452112
      0.34   0.339954   0.633809   0.442543
      0.35   0.326658   0.663832   0.437856
      0.36   0.317137   0.679612   0.432466
      0.37   0.299464   0.695187   0.418606
      0.38   0.290983   0.705431   0.412014
      0.39   0.271887   0.713977   0.393809
       0.4   0.265977   0.733645   0.390413
      0.41   0.242394   0.748925    0.36625
      0.42   0.228113   0.769886   0.351947
      0.43   0.220617   0.777555   0.343712
      0.44   0.214051   0.800875   0.337814
      0.45   0.209236   0.820093   0.333408
      0.46     0.1978   0.844241   0.320508
      0.47   0.195338   0.847203   0.317476
      0.48   0.188827   0.866366   0.310073
      0.49    0.18445   0.881789   0.305083
       0.5   0.176735   0.892794    0.29506
      0.51   0.163986   0.920477   0.278377
      0.52   0.158733   0.936441   0.271453
      0.53   0.151565   0.948718   0.261373
      0.54   0.144944   0.953086   0.251622
      0.55   0.127271   0.956873    0.22466
      0.56   0.124644   0.957983   0.220588
      0.57   0.117859   0.963526   0.210028
      0.58   0.111786    0.96129   0.200282
      0.59   0.106369   0.964413   0.191605
       0.6   0.100514   0.965649   0.182076
      0.61  0.0889691   0.960352   0.162851
      0.62  0.0776975   0.965174   0.143818
      0.63  0.0708032   0.960452   0.131884
      0.64  0.0592033   0.959732   0.111527
      0.65  0.0530751   0.962687   0.100604
      0.66  0.0447582   0.971154  0.0855725
      0.67  0.0382469   0.988372   0.073644
      0.68  0.0300394          1  0.0583267
      0.69  0.0245677          1  0.0479573
       0.7  0.0194244          1  0.0381085
      0.71  0.0169074          1  0.0332526
      0.72  0.0157037          1  0.0309217
      0.73 0.00711315          1  0.0141258
      0.74 0.00388488          1 0.00773968
      0.75          0          0          0
      0.76          0          0          0
      0.77          0          0          0
      0.78          0          0          0
      0.79          0          0          0
       0.8          0          0          0
      0.81          0          0          0
      0.82          0          0          0
      0.83          0          0          0
      0.84          0          0          0
      0.85          0          0          0
      0.86          0          0          0
      0.87          0          0          0
      0.88          0          0          0
      0.89          0          0          0
       0.9          0          0          0
      0.91          0          0          0
      0.92          0          0          0
      0.93          0          0          0
      0.94          0          0          0
      0.95          0          0          0
      0.96          0          0          0
      0.97          0          0          0
      0.98          0          0          0
      0.99          0          0          0
