         0          1   0.418411   0.589971
      0.01   0.973796   0.555362   0.707329
      0.02   0.973796   0.555362   0.707329
      0.03   0.973796   0.555362   0.707329
      0.04   0.973796   0.555425    0.70738
      0.05   0.973796   0.555538   0.707473
      0.06   0.973796   0.555955    0.70781
      0.07   0.973796    0.55679   0.708486
      0.08   0.973796   0.558216    0.70964
      0.09   0.973796   0.559579   0.710741
       0.1   0.973764   0.561812   0.712531
      0.11   0.973669   0.564381   0.714568
      0.12   0.973669   0.566212   0.716034
      0.13   0.973479   0.569146   0.718323
      0.14   0.973353   0.572131   0.720662
      0.15   0.972688   0.577411   0.724652
      0.16   0.972087   0.579785    0.72635
      0.17   0.970188   0.584775   0.729718
      0.18   0.969523   0.590053   0.733623
      0.19   0.963574   0.600353   0.739784
       0.2   0.962244   0.611554   0.747827
      0.21   0.955915   0.632246   0.761098
      0.22   0.948446   0.653239   0.773638
      0.23    0.94199   0.666473   0.780634
      0.24    0.93566   0.683997   0.790277
      0.25   0.929078   0.694718   0.794985
      0.26   0.915501    0.70674   0.797688
      0.27    0.90588    0.71409   0.798632
      0.28   0.888727   0.725121   0.798631
      0.29    0.87629   0.730156   0.796576
       0.3   0.861542   0.735561   0.793583
      0.31   0.841636   0.739892   0.787491
      0.32   0.824293   0.741503   0.780709
      0.33   0.793816   0.745493   0.768896
      0.34   0.782075   0.748197   0.764761
      0.35   0.762801   0.751928   0.757326
      0.36   0.745902   0.754396   0.750125
      0.37   0.722261   0.759636   0.740477
      0.38   0.706627   0.761756   0.733157
      0.39   0.685328   0.765313   0.723115
       0.4   0.671783   0.766201   0.715892
      0.41   0.651845    0.77038   0.706173
      0.42   0.637888   0.775935   0.700172
      0.43   0.627698   0.778722   0.695101
      0.44   0.608488    0.78468   0.685442
      0.45   0.597506   0.789699   0.680289
      0.46   0.583043   0.799268   0.674244
      0.47   0.576049   0.803458    0.67101
      0.48   0.562093   0.814363    0.66511
      0.49   0.554814   0.823725   0.663041
       0.5   0.545446   0.826415   0.657158
      0.51   0.535129   0.837066   0.652878
      0.52   0.527122   0.842692   0.648557
      0.53   0.516077   0.855509   0.643793
      0.54   0.508418   0.861134   0.639357
      0.55   0.495601   0.874946   0.632775
      0.56   0.487278   0.889688   0.629682
      0.57   0.474745   0.901501   0.621957
      0.58   0.470093     0.9092    0.61975
      0.59    0.46082   0.915031   0.612951
       0.6   0.454238   0.919939   0.608176
      0.61   0.446104   0.921115   0.601093
      0.62    0.43373   0.931473   0.591865
      0.63   0.422558    0.94121   0.583261
      0.64   0.409773   0.959283   0.574247
      0.65   0.396671   0.972607   0.563516
      0.66   0.388506   0.984863   0.557206
      0.67   0.378948   0.987788   0.547758
      0.68   0.359453   0.991116    0.52757
      0.69   0.343914   0.991173   0.510646
       0.7   0.328502   0.991994    0.49356
      0.71   0.313058   0.992092   0.475933
      0.72   0.303374   0.994304   0.464901
      0.73   0.290715   0.997446   0.450211
      0.74   0.284543   0.998695   0.442898
      0.75   0.274195   0.999095   0.430297
      0.76   0.265776          1   0.419942
      0.77    0.25489          1   0.406234
      0.78   0.247104          1   0.396285
      0.79   0.230774          1   0.375006
       0.8   0.217514          1   0.357308
      0.81   0.199475          1   0.332603
      0.82   0.179125          1   0.303827
      0.83   0.165707          1   0.284303
      0.84   0.147161          1   0.256566
      0.85   0.130578          1   0.230993
      0.86   0.100513          1   0.182665
      0.87  0.0833914          1   0.153945
      0.88  0.0706374          1   0.131954
      0.89  0.0616178          1   0.116083
       0.9  0.0395278          1  0.0760496
      0.91  0.0325021          1  0.0629579
      0.92  0.0294006          1  0.0571218
      0.93    0.02478          1  0.0483617
      0.94   0.022723          1  0.0444362
      0.95  0.0217419          1  0.0425585
      0.96  0.0212039          1  0.0415272
      0.97  0.0196215          1  0.0384878
      0.98  0.0140199          1  0.0276521
      0.99  0.0109817          1  0.0217248
