         0          1   0.223412   0.365227
      0.01   0.963836   0.300399    0.45804
      0.02   0.963836   0.300399    0.45804
      0.03   0.963836   0.300412   0.458055
      0.04   0.963836   0.300463   0.458115
      0.05   0.963836   0.300553    0.45822
      0.06   0.963836   0.300834   0.458545
      0.07   0.963836   0.301115   0.458872
      0.08   0.963766   0.301786   0.459643
      0.09   0.963766   0.302883   0.460914
       0.1   0.963766   0.304779   0.463106
      0.11   0.963062   0.306775   0.465324
      0.12   0.962288   0.307798    0.46641
      0.13    0.96074   0.309526   0.468208
      0.14   0.958418   0.309998    0.46847
      0.15   0.948216   0.309354   0.466509
      0.16   0.935271    0.30722   0.462512
      0.17   0.915922   0.303849   0.456318
      0.18   0.902413   0.301899   0.452437
      0.19   0.861887   0.298597   0.443534
       0.2   0.834869   0.296428   0.437513
      0.21    0.78984   0.292009   0.426382
      0.22   0.746781    0.28548   0.413056
      0.23   0.718356    0.28227   0.405287
      0.24   0.667276   0.277773   0.392257
      0.25   0.636108   0.275763   0.384736
      0.26   0.580243   0.269792   0.368326
      0.27   0.541265   0.265464    0.35622
      0.28   0.482164    0.25814   0.336256
      0.29   0.451277   0.255723   0.326456
       0.3   0.407796   0.247308   0.307894
      0.31   0.360796   0.238357   0.287066
      0.32   0.328995    0.23229   0.272312
      0.33   0.276226   0.223535   0.247103
      0.34   0.242736   0.217467   0.229408
      0.35   0.201013   0.208966   0.204912
      0.36   0.180398   0.206042   0.192369
      0.37   0.155843   0.193431   0.172614
      0.38   0.131429   0.188826   0.154984
      0.39  0.0951945   0.180794    0.12472
       0.4  0.0880884   0.177049   0.117644
      0.41  0.0669106   0.159939  0.0943499
      0.42  0.0532611   0.157895  0.0796535
      0.43  0.0481953    0.15613  0.0736545
      0.44  0.0398227   0.152655  0.0631671
      0.45  0.0372898   0.151478  0.0598469
      0.46  0.0318722   0.158892  0.0530943
      0.47  0.0260325   0.151815   0.044444
      0.48  0.0207556   0.162055  0.0367983
      0.49   0.019841    0.16849  0.0355014
       0.5   0.017871   0.168831  0.0323207
      0.51  0.0177302   0.176101  0.0322168
      0.52  0.0165342   0.169118  0.0301233
      0.53   0.014142   0.161137  0.0260019
      0.54  0.0137198   0.172775   0.025421
      0.55   0.012172   0.145833  0.0224686
      0.56  0.0116091   0.141732  0.0214604
      0.57 0.00872441   0.157303  0.0165319
      0.58 0.00752832   0.126582  0.0142114
      0.59 0.00562865  0.0689655  0.0104079
       0.6          0          0          0
      0.61          0          0          0
      0.62          0          0          0
      0.63          0          0          0
      0.64          0          0          0
      0.65          0          0          0
      0.66          0          0          0
      0.67          0          0          0
      0.68          0          0          0
      0.69          0          0          0
       0.7          0          0          0
      0.71          0          0          0
      0.72          0          0          0
      0.73          0          0          0
      0.74          0          0          0
      0.75          0          0          0
      0.76          0          0          0
      0.77          0          0          0
      0.78          0          0          0
      0.79          0          0          0
       0.8          0          0          0
      0.81          0          0          0
      0.82          0          0          0
      0.83          0          0          0
      0.84          0          0          0
      0.85          0          0          0
      0.86          0          0          0
      0.87          0          0          0
      0.88          0          0          0
      0.89          0          0          0
       0.9          0          0          0
      0.91          0          0          0
      0.92          0          0          0
      0.93          0          0          0
      0.94          0          0          0
      0.95          0          0          0
      0.96          0          0          0
      0.97          0          0          0
      0.98          0          0          0
      0.99          0          0          0
