         0          1   0.176689   0.300316
      0.01   0.895784   0.164345   0.277736
      0.02   0.895784    0.16436   0.277756
      0.03   0.895784   0.164446   0.277879
      0.04   0.895784   0.164848   0.278453
      0.05   0.895784    0.16534   0.279154
      0.06   0.895784   0.166644   0.281012
      0.07   0.895784   0.167989   0.282921
      0.08   0.895784    0.17049   0.286459
      0.09   0.895619   0.172598   0.289421
       0.1   0.894058    0.17576   0.293769
      0.11   0.893565   0.179778   0.299332
      0.12   0.891839   0.182447   0.302923
      0.13   0.889866   0.187879   0.310253
      0.14   0.889209   0.192405   0.316357
      0.15   0.883455   0.199188   0.325081
      0.16   0.876716     0.2031   0.329799
      0.17   0.863237   0.209869    0.33765
      0.18    0.85362   0.214484   0.342828
      0.19   0.835374   0.222885   0.351885
       0.2   0.818772   0.228888   0.357763
      0.21   0.800115   0.238906   0.367946
      0.22   0.787129   0.250771   0.380362
      0.23   0.778581   0.259451   0.389205
      0.24   0.752527   0.271407   0.398934
      0.25   0.739377   0.280758   0.406977
      0.26   0.710282   0.295541   0.417405
      0.27   0.688584   0.305401   0.423134
      0.28   0.653242   0.318276   0.428013
      0.29   0.633188   0.328251   0.432361
       0.3   0.595956   0.341323   0.434051
      0.31   0.565382   0.356185    0.43704
      0.32    0.54804   0.368494   0.440681
      0.33   0.514835   0.385093   0.440612
      0.34   0.494123    0.39478   0.438901
      0.35   0.470617   0.415902   0.441571
      0.36   0.445549   0.423242   0.434109
      0.37   0.427714    0.43556   0.431602
      0.38   0.410701   0.437988   0.423906
      0.39   0.386866   0.443825   0.413393
       0.4   0.372976   0.451142   0.408352
      0.41   0.347662   0.450902   0.392608
      0.42   0.331388   0.461581   0.385797
      0.43   0.321854   0.463572   0.379928
      0.44   0.303608   0.463891   0.367013
      0.45   0.289225   0.465312   0.356722
      0.46   0.263335   0.476863     0.3393
      0.47   0.252733   0.484536   0.332194
      0.48   0.235062   0.493621   0.318469
      0.49   0.218542   0.487727   0.301836
       0.5   0.194049   0.472859   0.275174
      0.51   0.169064   0.457418    0.24688
      0.52   0.151722   0.450079   0.226942
      0.53    0.10997   0.422562   0.174521
      0.54   0.100682   0.420168    0.16244
      0.55  0.0875318    0.42716   0.145291
      0.56  0.0777513   0.421788   0.131299
      0.57  0.0609024   0.432056   0.106757
      0.58  0.0521082   0.431227  0.0929808
      0.59  0.0503822   0.443038  0.0904755
       0.6  0.0486562   0.457547  0.0879587
      0.61  0.0446289   0.467391  0.0814779
      0.62  0.0395332    0.49359  0.0732032
      0.63  0.0349305   0.496403  0.0652683
      0.64  0.0327936   0.615385   0.062269
      0.65  0.0327936   0.684783  0.0625899
      0.66  0.0318073   0.805556  0.0611983
      0.67   0.031232   0.927273  0.0604287
      0.68  0.0267116          1  0.0520333
      0.69  0.0225199          1  0.0440479
       0.7  0.0222734          1  0.0435761
      0.71  0.0198077          1  0.0388459
      0.72   0.016931          1  0.0332983
      0.73  0.0113422          1  0.0224299
      0.74  0.0104381          1  0.0206605
      0.75 0.00715049          1  0.0141994
      0.76 0.00641078          1  0.0127399
      0.77 0.00386291          1 0.00769609
      0.78          0          0          0
      0.79          0          0          0
       0.8          0          0          0
      0.81          0          0          0
      0.82          0          0          0
      0.83          0          0          0
      0.84          0          0          0
      0.85          0          0          0
      0.86          0          0          0
      0.87          0          0          0
      0.88          0          0          0
      0.89          0          0          0
       0.9          0          0          0
      0.91          0          0          0
      0.92          0          0          0
      0.93          0          0          0
      0.94          0          0          0
      0.95          0          0          0
      0.96          0          0          0
      0.97          0          0          0
      0.98          0          0          0
      0.99          0          0          0
