         0          1   0.263807   0.417479
      0.01   0.966686   0.450408   0.614501
      0.02   0.966686   0.450675   0.614749
      0.03   0.966686   0.451411   0.615434
      0.04   0.966686   0.453419   0.617298
      0.05   0.966686   0.455465   0.619191
      0.06   0.966686   0.460807   0.624109
      0.07   0.966648   0.465297   0.628206
      0.08   0.966572   0.473317   0.635458
      0.09   0.966497   0.480764   0.642119
       0.1   0.966421   0.494759   0.654465
      0.11   0.963211   0.508369   0.665498
      0.12   0.959131    0.51785   0.672569
      0.13   0.953466   0.531828   0.682801
      0.14   0.949273   0.541667   0.689752
      0.15   0.944929   0.555046   0.699317
      0.16   0.942361   0.563335   0.705142
      0.17   0.933182   0.573481   0.710394
      0.18   0.929027   0.581324   0.715152
      0.19   0.916072   0.590031   0.717761
       0.2    0.90848   0.597862   0.721145
      0.21   0.895826   0.616536   0.730393
      0.22   0.880038    0.62751   0.732624
      0.23   0.850425   0.633585   0.726163
      0.24    0.82508   0.646237   0.724789
      0.25   0.810009   0.656505   0.725223
      0.26   0.771822   0.666504   0.715307
      0.27   0.753919   0.674103   0.711781
      0.28   0.719358   0.688388   0.703532
      0.29   0.692578   0.698694   0.695623
       0.3   0.660094   0.716245   0.687024
      0.31    0.62153   0.728133   0.670621
      0.32   0.597658   0.736098   0.659693
      0.33   0.567441   0.747151   0.645012
      0.34   0.549311    0.75301    0.63523
      0.35   0.523853   0.761257   0.620627
      0.36   0.499641   0.760897   0.603196
      0.37   0.456582   0.765098   0.571884
      0.38   0.434145   0.763616   0.553567
      0.39   0.391388   0.763805   0.517566
       0.4   0.371634   0.762505   0.499714
      0.41   0.332314   0.758212   0.462097
      0.42   0.289065   0.753105   0.417775
      0.43    0.27441   0.749737   0.401769
      0.44   0.245326   0.751304   0.369875
      0.45    0.21711   0.748002   0.336539
      0.46   0.202531   0.750165   0.318951
      0.47   0.187384   0.747038   0.299614
      0.48   0.169934   0.750183   0.277099
      0.49   0.164042   0.754917   0.269518
       0.5   0.157129   0.772253   0.261127
      0.51    0.15067   0.782536   0.252688
      0.52    0.14746   0.784229   0.248242
      0.53   0.144325   0.786618     0.2439
      0.54   0.142021   0.794585   0.240971
      0.55   0.137035    0.80303   0.234118
      0.56   0.131331   0.803365   0.225757
      0.57   0.128234   0.815502    0.22162
      0.58   0.127177   0.820313   0.220213
      0.59   0.122795   0.832349   0.214017
       0.6   0.121889   0.848225   0.213148
      0.61   0.119887   0.875654   0.210899
      0.62   0.115694   0.907821   0.205233
      0.63    0.11509   0.920749   0.204605
      0.64   0.112823   0.933434   0.201314
      0.65   0.110595   0.946203   0.198042
      0.66   0.105571   0.957841   0.190181
      0.67   0.102663   0.965035   0.185583
      0.68  0.0997167   0.979087   0.180999
      0.69  0.0968839   0.981481   0.176359
       0.7  0.0903494     0.9819   0.165473
      0.71  0.0867611   0.985507   0.159482
      0.72  0.0833617   0.989664   0.153771
      0.73  0.0817753   0.994429   0.151123
      0.74  0.0787913   0.997015   0.146041
      0.75  0.0751653          1   0.139821
      0.76  0.0721435          1   0.134578
      0.77  0.0661379          1    0.12407
      0.78  0.0595279          1   0.112367
      0.79  0.0516714          1  0.0982653
       0.8  0.0460434          1  0.0880335
      0.81  0.0390935          1  0.0752454
      0.82  0.0270444          1  0.0526645
      0.83  0.0207743          1  0.0407031
      0.84  0.0164684          1  0.0324031
      0.85  0.0161284          1  0.0317449
      0.86  0.0154485          1   0.030427
      0.87  0.0147309          1  0.0290341
      0.88  0.0128801          1  0.0254326
      0.89  0.0119358          1    0.02359
       0.9 0.00959396          1  0.0190056
      0.91 0.00883853          1  0.0175222
      0.92 0.00778093          1  0.0154417
      0.93 0.00494806          1  0.0098474
      0.94 0.00305949          1 0.00610032
      0.95          0          0          0
      0.96          0          0          0
      0.97          0          0          0
      0.98          0          0          0
      0.99          0          0          0
