         0          1   0.181029   0.306561
      0.01   0.785006   0.194347    0.31156
      0.02   0.785006   0.194347    0.31156
      0.03   0.785006   0.194411   0.311642
      0.04   0.785006   0.194674    0.31198
      0.05   0.785006   0.194816   0.312162
      0.06   0.785006   0.195372   0.312876
      0.07   0.784252    0.19535   0.312788
      0.08   0.784252     0.1964   0.314133
      0.09   0.783391   0.197427   0.315375
       0.1   0.782314   0.199598   0.318049
      0.11   0.780375   0.201714   0.320567
      0.12   0.779082   0.203424   0.322611
      0.13   0.770465   0.206333   0.325497
      0.14   0.769604   0.209056   0.328798
      0.15   0.766372   0.212936   0.333272
      0.16   0.763572   0.216824   0.337743
      0.17   0.757001   0.222163   0.343512
      0.18   0.751831    0.22593   0.347449
      0.19   0.744399   0.231496   0.353164
       0.2   0.739767   0.236094    0.35795
      0.21    0.73212   0.244592    0.36668
      0.22   0.722749   0.251607    0.37327
      0.23   0.718656   0.256706   0.378286
      0.24    0.69819    0.26274   0.381802
      0.25   0.678264   0.269758   0.385998
      0.26   0.658014   0.277509    0.39038
      0.27   0.649935   0.283114   0.394418
      0.28   0.637118   0.291278   0.399783
      0.29   0.629901   0.295437   0.402223
       0.3   0.619022   0.302213   0.406143
      0.31   0.603296   0.307059   0.406978
      0.32   0.587139   0.310313   0.406031
      0.33   0.567859    0.31687   0.406763
      0.34   0.556226   0.321385   0.407385
      0.35   0.548794    0.33366   0.415003
      0.36   0.538884   0.340838   0.417569
      0.37   0.523481   0.351204   0.420377
      0.38   0.513464   0.360104   0.423322
      0.39   0.492891   0.373206   0.424779
       0.4   0.487721   0.381672   0.428229
      0.41   0.474041   0.391444   0.428801
      0.42   0.457238   0.402159   0.427934
      0.43    0.44916   0.411461   0.429485
      0.44    0.44022   0.423602   0.431751
      0.45   0.426971   0.430533   0.428745
      0.46   0.418139   0.435507   0.426646
      0.47   0.411676   0.444985   0.427683
      0.48   0.405213   0.458943   0.430408
      0.49   0.391749   0.465355   0.425392
       0.5   0.381947   0.487518   0.428323
      0.51   0.372146   0.507845   0.429533
      0.52    0.36676   0.521859   0.430774
      0.53   0.362559   0.541169   0.434214
      0.54   0.352434   0.551241   0.429969
      0.55   0.342094   0.580395   0.430465
      0.56   0.326583   0.587925   0.419912
      0.57   0.317536   0.598063   0.414824
      0.58   0.309026   0.608659   0.409926
      0.59   0.295239   0.621112   0.400232
       0.6   0.284899   0.628192   0.392012
      0.61   0.271866   0.643665   0.382271
      0.62   0.249677   0.654135   0.361408
      0.63   0.240198   0.652349   0.351114
      0.64   0.225872   0.663174   0.336974
      0.65   0.213486   0.665064   0.323218
      0.66   0.202068   0.684116   0.311985
      0.67   0.194851   0.696325   0.304496
      0.68   0.179772   0.713974   0.287223
      0.69   0.175032   0.742991   0.283321
       0.7   0.164477   0.765333   0.270764
      0.71   0.144227   0.790476   0.243944
      0.72   0.137118   0.810526   0.234555
      0.73   0.124946   0.834025   0.217333
      0.74   0.115252       0.85   0.202982
      0.75  0.0987721   0.864865   0.177296
      0.76  0.0958639   0.894118   0.173162
      0.77  0.0859543   0.955224   0.157717
      0.78  0.0757217   0.991228   0.140695
      0.79   0.064735          1   0.121598
       0.8  0.0562258          1   0.106465
      0.81   0.039315          1  0.0756555
      0.82  0.0380224          1  0.0732593
      0.83  0.0352219          1   0.068047
      0.84   0.031452          1  0.0609858
      0.85  0.0271435          1  0.0528523
      0.86  0.0199268          1  0.0390749
      0.87  0.0126023          1   0.024891
      0.88  0.0123869          1  0.0244707
      0.89  0.0120638          1  0.0238399
       0.9 0.00980181          1  0.0194133
      0.91  0.0096941          1   0.019202
      0.92 0.00958639          1  0.0189907
      0.93 0.00915554          1  0.0181449
      0.94 0.00409306          1 0.00815276
      0.95          0          0          0
      0.96          0          0          0
      0.97          0          0          0
      0.98          0          0          0
      0.99          0          0          0
