         0          1   0.235879   0.381719
      0.01   0.953932   0.368496   0.531628
      0.02   0.953932   0.368834    0.53198
      0.03   0.953932   0.369371   0.532538
      0.04    0.95372   0.371434   0.534646
      0.05   0.952378    0.37287   0.535919
      0.06   0.949834   0.375364   0.538083
      0.07   0.947714    0.37904   0.541505
      0.08   0.943051   0.385678   0.547461
      0.09   0.936763   0.389675   0.550396
       0.1   0.927648   0.399869   0.558845
      0.11   0.920935   0.414403   0.571598
      0.12   0.916272   0.421607   0.577491
      0.13   0.907016   0.435435   0.588397
      0.14   0.899315   0.444151   0.594629
      0.15     0.8784   0.459843   0.603666
      0.16   0.862149   0.475541   0.612978
      0.17   0.841306    0.49981   0.627079
      0.18   0.826327   0.515001   0.634534
      0.19   0.807673   0.535298   0.643865
       0.2   0.792412   0.547872   0.647833
      0.21    0.77178   0.565457   0.652701
      0.22   0.738925   0.582201   0.651267
      0.23   0.714407   0.589854   0.646183
      0.24   0.678937   0.608151   0.641598
      0.25   0.659577   0.619209   0.638756
      0.26   0.640359   0.641464   0.640911
      0.27   0.628842   0.658074   0.643126
      0.28   0.609694   0.677379   0.641757
      0.29   0.601993    0.69326   0.644411
       0.3   0.586448   0.710954   0.642727
      0.31   0.571186   0.730038   0.640916
      0.32   0.557479   0.746025   0.638116
      0.33   0.535646   0.764396   0.629896
      0.34    0.52957   0.771024   0.627884
      0.35   0.507666   0.777561   0.614275
      0.36   0.495796   0.779747   0.606166
      0.37   0.476789   0.780065   0.591837
      0.38   0.463153   0.781714   0.581674
      0.39    0.42514   0.786288   0.551881
       0.4   0.404084   0.790637   0.534826
      0.41   0.387338   0.803867   0.522779
      0.42   0.357733   0.818319   0.497835
      0.43    0.34876   0.846215   0.493945
      0.44   0.339787   0.857737    0.48675
      0.45    0.33258   0.869338   0.481105
      0.46   0.302763   0.883877    0.45103
      0.47   0.286158   0.899796   0.434223
      0.48   0.267293   0.901874    0.41237
      0.49   0.258814   0.904598   0.402476
       0.5   0.238395    0.90201   0.377119
      0.51   0.213453   0.907967   0.345648
      0.52   0.204409   0.911807   0.333952
      0.53   0.198191   0.915179   0.325822
      0.54   0.190984   0.923197   0.316494
      0.55   0.171412   0.931579   0.289548
      0.56   0.165407   0.938889   0.281262
      0.57    0.15177   0.943089   0.261463
      0.58   0.145552   0.948052    0.25236
      0.59   0.134176   0.956522   0.235341
       0.6   0.125203   0.953488   0.221342
      0.61   0.104289   0.944785   0.187843
      0.62  0.0890271   0.956679   0.162895
      0.63  0.0839398   0.957692   0.154351
      0.64  0.0780047   0.957265   0.144254
      0.65  0.0761676   0.954338   0.141076
      0.66  0.0751784   0.961353   0.139452
      0.67  0.0738359   0.964824   0.137174
      0.68  0.0718576   0.978723   0.133885
      0.69  0.0703738   0.978142   0.131301
       0.7  0.0688193   0.988166   0.128677
      0.71  0.0647213   0.986111    0.12147
      0.72  0.0631668   0.985185   0.118722
      0.73   0.059634   0.991935   0.112504
      0.74  0.0563838   0.991453     0.1067
      0.75  0.0497421          1  0.0947701
      0.76  0.0488236          1  0.0931016
      0.77   0.045856          1  0.0876909
      0.78  0.0450081          1  0.0861393
      0.79  0.0395676          1  0.0761232
       0.8  0.0369533          1  0.0712728
      0.81  0.0323606          1  0.0626925
      0.82  0.0233873          1  0.0457056
      0.83  0.0180174          1   0.035397
      0.84  0.0126475          1  0.0249791
      0.85  0.0118703          1   0.023462
      0.86  0.0107398          1  0.0212513
      0.87 0.00883205          1  0.0175095
      0.88 0.00798417          1  0.0158419
      0.89 0.00593514          1  0.0118002
       0.9          0          0          0
      0.91          0          0          0
      0.92          0          0          0
      0.93          0          0          0
      0.94          0          0          0
      0.95          0          0          0
      0.96          0          0          0
      0.97          0          0          0
      0.98          0          0          0
      0.99          0          0          0
