         0          1   0.265439    0.41952
      0.01   0.894764   0.332601    0.48494
      0.02   0.894764   0.332601    0.48494
      0.03   0.894764   0.332671   0.485014
      0.04   0.894764   0.332967   0.485329
      0.05   0.894764   0.333246   0.485626
      0.06   0.894764   0.333876   0.486294
      0.07   0.894764   0.334757   0.487228
      0.08   0.894085   0.337167   0.489673
      0.09   0.894085   0.339364   0.491987
       0.1   0.893526   0.343356   0.496082
      0.11    0.89077   0.348579   0.501076
      0.12   0.888694   0.352145   0.504416
      0.13   0.882903   0.357089   0.508511
      0.14   0.880267   0.360985   0.512004
      0.15   0.874276    0.36557   0.515563
      0.16   0.867447   0.370032   0.518769
      0.17   0.861616   0.376402   0.523925
      0.18   0.857662   0.381764   0.528349
      0.19   0.854587   0.389524   0.535132
       0.2   0.851871   0.395194   0.539915
      0.21   0.842526   0.402501   0.544756
      0.22   0.836974   0.411274   0.551534
      0.23   0.830225   0.415746   0.554046
      0.24   0.817125    0.42337   0.557755
      0.25   0.812732   0.428386   0.561047
      0.26   0.798554   0.435524   0.563642
      0.27   0.786094   0.440528   0.564634
      0.28   0.773354    0.44785   0.567222
      0.29   0.760613   0.453101   0.567901
       0.3   0.740804   0.460416   0.567886
      0.31   0.719278   0.467136   0.566414
      0.32   0.702943   0.470624   0.563788
      0.33   0.682375   0.476166   0.560919
      0.34   0.664683   0.478618    0.55651
      0.35   0.637406   0.482218   0.549057
      0.36   0.616758   0.483424   0.542012
      0.37   0.599625   0.489228    0.53883
      0.38   0.591118   0.495336   0.539005
      0.39   0.573226   0.499737   0.533965
       0.4   0.558768     0.5022   0.528976
      0.41   0.536164   0.505677   0.520474
      0.42   0.522145   0.511875   0.516959
      0.43   0.512281   0.517414   0.514835
      0.44   0.496865   0.522871   0.509536
      0.45   0.475538    0.52707    0.49998
      0.46   0.455769   0.532051   0.490965
      0.47   0.445305   0.536709   0.486753
      0.48   0.426814    0.53921   0.476473
      0.49   0.412796    0.54271   0.468921
       0.5   0.398179   0.543981   0.459798
      0.51   0.379768   0.543242   0.447028
      0.52   0.366908   0.546863   0.439165
      0.53   0.345421   0.546568   0.423315
      0.54   0.317944    0.54141   0.400622
      0.55   0.299014   0.539906   0.384874
      0.56   0.287192   0.546466   0.376511
      0.57   0.259795   0.537129   0.350205
      0.58   0.245377      0.532   0.335849
      0.59   0.223411   0.529013   0.314151
       0.6   0.207396    0.52443   0.297242
      0.61   0.174847   0.513084   0.260815
      0.62   0.157195   0.509336   0.240244
      0.63   0.146531   0.500551   0.226699
      0.64   0.126043   0.502519   0.201537
      0.65   0.116818   0.502019   0.189532
      0.66  0.0956907   0.480655   0.159606
      0.67  0.0866648     0.4768    0.14667
      0.68  0.0785175   0.467826   0.134467
      0.69  0.0758017   0.469388   0.130525
       0.7  0.0658573   0.488372   0.116063
      0.71  0.0606654   0.495169   0.108088
      0.72  0.0558728   0.502646   0.100567
      0.73  0.0517193   0.502793  0.0937909
      0.74  0.0496426   0.513514  0.0905331
      0.75  0.0464475   0.519481  0.0852709
      0.76  0.0445305   0.524306   0.082089
      0.77  0.0406166    0.54321  0.0755819
      0.78  0.0338272   0.529412  0.0635912
      0.79  0.0272375   0.523316    0.05178
       0.8  0.0242422        0.5  0.0462423
      0.81  0.0188506   0.484848  0.0362902
      0.82  0.0106634   0.514286  0.0208935
      0.83  0.0103439   0.537634  0.0202972
      0.84  0.0100643   0.567901  0.0197781
      0.85 0.00998442   0.671642  0.0196763
      0.86 0.00922561    0.66129  0.0181973
      0.87 0.00670953   0.772727  0.0133036
      0.88 0.00367427   0.833333 0.00731628
      0.89 0.00343464   0.878788 0.00684254
       0.9  0.0030752          1 0.00613155
      0.91 0.00279564          1 0.00557569
      0.92 0.00251607          1 0.00501952
      0.93 0.00191701          1 0.00382668
      0.94 0.00143776          1 0.00287139
      0.95          0          0          0
      0.96          0          0          0
      0.97          0          0          0
      0.98          0          0          0
      0.99          0          0          0
