         0          1    0.32957   0.495755
      0.01   0.940133   0.427962   0.588177
      0.02   0.940133   0.427962   0.588177
      0.03   0.940133   0.428088   0.588296
      0.04   0.940133   0.428599   0.588779
      0.05   0.940133   0.429289   0.589429
      0.06   0.939963   0.431763   0.591723
      0.07   0.939282   0.434576   0.594223
      0.08   0.938856   0.439856   0.599054
      0.09   0.938601   0.444233   0.603047
       0.1   0.936814   0.452305   0.610064
      0.11   0.936091   0.462642   0.619239
      0.12    0.93341   0.470427   0.625573
      0.13   0.930644    0.48247   0.635487
      0.14   0.924304   0.491142   0.641444
      0.15   0.919071   0.505744   0.652456
      0.16   0.915965   0.518566   0.662221
      0.17   0.909795   0.537605   0.675847
      0.18   0.902221   0.552484   0.685311
      0.19    0.88801   0.578675   0.700722
       0.2   0.883457    0.59787   0.713134
      0.21   0.874479   0.625743    0.72949
      0.22   0.866097   0.652696   0.744404
      0.23    0.85648   0.667853   0.750496
      0.24   0.843035   0.691866   0.760006
      0.25   0.835929    0.70471   0.764731
      0.26   0.826908   0.725424   0.772849
      0.27   0.821675   0.736632   0.776833
      0.28   0.810484   0.749067   0.778566
      0.29   0.801549   0.756094   0.778158
       0.3    0.78572   0.764883   0.775162
      0.31   0.769679   0.770821    0.77025
      0.32   0.754872   0.775124   0.764864
      0.33   0.724066   0.784005   0.752844
      0.34    0.71279   0.788253   0.748625
      0.35   0.689346   0.795479   0.738619
      0.36   0.676028   0.798221    0.73206
      0.37   0.648541   0.798856   0.715893
      0.38   0.633903   0.803905   0.708854
      0.39   0.617692   0.806438   0.699557
       0.4   0.603736   0.809749    0.69173
      0.41   0.587056   0.816965   0.683187
      0.42   0.571143   0.822137   0.674032
      0.43   0.553825   0.827005   0.663393
      0.44   0.527827   0.829519   0.645145
      0.45   0.502936   0.833333   0.627289
      0.46   0.474811   0.839665   0.606602
      0.47    0.45294   0.845161   0.589796
      0.48   0.427793   0.851489   0.569478
      0.49   0.407242   0.854962   0.551696
       0.5   0.373968   0.860379   0.521335
      0.51   0.357672   0.867809   0.506561
      0.52   0.339333   0.873383   0.488767
      0.53   0.320739   0.884444   0.470759
      0.54   0.309378   0.888601   0.458962
      0.55   0.289465   0.896169   0.437588
      0.56   0.277891   0.899297   0.424583
      0.57    0.25734   0.904943   0.400725
      0.58   0.234363   0.908602   0.372615
      0.59   0.217854   0.912088   0.351703
       0.6   0.211727   0.921254    0.34432
      0.61   0.202366   0.924855   0.332072
      0.62   0.194622   0.930693   0.321924
      0.63   0.185857   0.934034   0.310024
      0.64   0.173219   0.942887   0.292671
      0.65   0.164922   0.953437   0.281203
      0.66   0.151774   0.962785   0.262213
      0.67   0.145434   0.970849   0.252973
      0.68   0.134329    0.98331   0.236368
      0.69   0.130031   0.989751   0.229864
       0.7   0.124372    0.99374   0.221076
      0.71   0.116075    0.99827   0.207969
      0.72   0.106885   0.998152   0.193092
      0.73    0.10046   0.997908   0.182542
      0.74  0.0950983   0.997778   0.173646
      0.75  0.0861203          1   0.158583
      0.76  0.0829291          1   0.153157
      0.77  0.0761212          1   0.141473
      0.78  0.0695685          1   0.130087
      0.79  0.0561229          1   0.106281
       0.8  0.0517403          1  0.0983898
      0.81  0.0420815          1  0.0807644
      0.82  0.0302102          1  0.0586486
      0.83  0.0285933          1  0.0555969
      0.84  0.0241256          1  0.0471145
      0.85  0.0177857          1  0.0349498
      0.86    0.01285          1  0.0253739
      0.87  0.0119139          1  0.0235472
      0.88 0.00880776          1  0.0174617
      0.89 0.00787167          1  0.0156204
       0.9 0.00548889          1  0.0109179
      0.91 0.00510595          1    0.01016
      0.92 0.00429751          1 0.00855823
      0.93 0.00289337          1 0.00577005
      0.94          0          0          0
      0.95          0          0          0
      0.96          0          0          0
      0.97          0          0          0
      0.98          0          0          0
      0.99          0          0          0
