         0          1   0.256164   0.407851
      0.01   0.973418   0.467582   0.631718
      0.02   0.973418   0.467645   0.631776
      0.03   0.973418   0.467836    0.63195
      0.04   0.973418   0.468337   0.632407
      0.05   0.973418   0.468714    0.63275
      0.06   0.973418   0.470713    0.63457
      0.07   0.973418   0.472391   0.636092
      0.08   0.973418   0.475835   0.639207
      0.09   0.973418   0.479077   0.642126
       0.1    0.97336   0.483457   0.646035
      0.11    0.97336   0.489309   0.651239
      0.12   0.972954    0.49359   0.654928
      0.13   0.972606    0.50314     0.6632
      0.14   0.971619   0.510031   0.668924
      0.15    0.96715   0.522222   0.678228
      0.16   0.964016   0.529944    0.68392
      0.17    0.95798   0.541477   0.691882
      0.18   0.954034   0.547418   0.695667
      0.19   0.947707   0.557574   0.702084
       0.2   0.936216   0.564656   0.704443
      0.21   0.922693   0.574336   0.707984
      0.22   0.901219   0.584754   0.709288
      0.23   0.887812   0.590037   0.708925
      0.24   0.872838   0.600146    0.71125
      0.25    0.86361   0.606968   0.712894
      0.26   0.842078   0.617515   0.712521
      0.27   0.834591    0.62365   0.713864
      0.28   0.817295   0.636443   0.715619
      0.29   0.807081   0.642761   0.715609
       0.3   0.789959   0.650874   0.713703
      0.31   0.767789   0.655567   0.707254
      0.32    0.75415   0.660106   0.704001
      0.33   0.731167   0.666607   0.697396
      0.34    0.71805   0.671764   0.694136
      0.35   0.698027   0.680165    0.68898
      0.36   0.687232   0.683026   0.685122
      0.37   0.662623    0.68513   0.673689
      0.38   0.644689    0.68479   0.664135
      0.39   0.626175   0.688279    0.65576
       0.4   0.604469   0.690682   0.644706
      0.41   0.581254   0.704394   0.636927
      0.42   0.564423   0.708613   0.628352
      0.43   0.551132    0.71049   0.620746
      0.44   0.520313   0.708968   0.600165
      0.45   0.500522   0.709102   0.586829
      0.46   0.477945   0.707127   0.570375
      0.47   0.464423   0.705366   0.560081
      0.48   0.441672   0.702548    0.54237
      0.49   0.418514   0.704955   0.525219
       0.5   0.398201   0.709041   0.509989
      0.51   0.381834   0.714526   0.497702
      0.52     0.3722   0.718408   0.490353
      0.53   0.350145   0.728297   0.472922
      0.54   0.337145   0.738153   0.462875
      0.55    0.32397   0.745361   0.451637
      0.56   0.320313   0.751987   0.449261
      0.57   0.308009   0.760156   0.438387
      0.58   0.300987   0.762041    0.43153
      0.59    0.29025   0.765804   0.420953
       0.6   0.284272   0.770186    0.41527
      0.61   0.269588   0.780903   0.400807
      0.62   0.265409    0.79603   0.398089
      0.63   0.259141    0.80652   0.392249
      0.64   0.249042   0.817568   0.381787
      0.65   0.245966   0.825716   0.379027
      0.66    0.23581   0.835255   0.367786
      0.67   0.233604   0.843803   0.365908
      0.68    0.22751   0.860234   0.359849
      0.69   0.223157   0.874178   0.355551
       0.7   0.217179   0.886905   0.348918
      0.71   0.212652   0.892372   0.343459
      0.72   0.210447   0.897959   0.340981
      0.73   0.207023   0.905512   0.336999
      0.74   0.201277   0.908558   0.329548
      0.75   0.193151    0.92132   0.319352
      0.76   0.182472   0.923684   0.304743
      0.77   0.175334   0.931373   0.295112
      0.78    0.16628   0.934328   0.282316
      0.79   0.157922   0.940989   0.270455
       0.8   0.153511   0.944068   0.264081
      0.81   0.138131   0.947368   0.241108
      0.82   0.128497   0.971739   0.226979
      0.83   0.119501   0.973558   0.212872
      0.84   0.100638   0.985337   0.182624
      0.85  0.0880441    0.99654   0.161794
      0.86  0.0730122   0.995614   0.136047
      0.87  0.0607661          1    0.11457
      0.88  0.0458503          1  0.0876804
      0.89  0.0428323          1   0.082146
       0.9   0.039466          1  0.0759352
      0.91  0.0354614          1  0.0684939
      0.92  0.0346489          1  0.0669771
      0.93  0.0315728          1   0.061213
      0.94  0.0255949          1  0.0499123
      0.95  0.0225769          1  0.0441569
      0.96   0.019733          1  0.0387023
      0.97 0.00905398          1  0.0179455
      0.98 0.00615206          1  0.0122289
      0.99 0.00533952          1  0.0106223
