         0          1   0.382258   0.553092
      0.01   0.885787   0.532961   0.665502
      0.02   0.885787   0.532995   0.665528
      0.03   0.885751   0.532907    0.66545
      0.04   0.885357   0.532512   0.665031
      0.05   0.883997   0.531962   0.664218
      0.06    0.88006    0.53126   0.662558
      0.07   0.878807   0.530806    0.66185
      0.08    0.87759   0.530449   0.661227
      0.09   0.875228   0.529599   0.659896
       0.1   0.871434   0.528611    0.65805
      0.11    0.86109    0.52774   0.654409
      0.12   0.853323   0.527329    0.65184
      0.13   0.842621   0.527027   0.648465
      0.14   0.833781   0.525795   0.644904
      0.15   0.822112   0.524959   0.640761
      0.16   0.813415   0.524291   0.637608
      0.17   0.803286    0.52336    0.63379
      0.18   0.795268   0.523216   0.631175
      0.19    0.78743   0.522318   0.628043
       0.2   0.780057   0.521124   0.624826
      0.21   0.764594   0.520195   0.619149
      0.22   0.755217   0.520242   0.616085
      0.23    0.74745   0.519797   0.613175
      0.24   0.737142   0.521378   0.610765
      0.25   0.731916   0.523343   0.610301
      0.26   0.723183   0.527124   0.609782
      0.27   0.715953   0.530173   0.609214
      0.28   0.709116   0.535263   0.610045
      0.29   0.706253   0.539987   0.612029
       0.3   0.699524   0.544183   0.612152
      0.31    0.69326   0.545725   0.610709
      0.32   0.686352   0.548305   0.609611
      0.33   0.677404   0.551004   0.607701
      0.34   0.671821   0.552434   0.606306
      0.35   0.659723   0.555302   0.603025
      0.36   0.655034   0.558555   0.602959
      0.37   0.641218   0.563141   0.599649
      0.38     0.6327   0.563654   0.596184
      0.39   0.618669    0.56741   0.591932
       0.4   0.607502   0.569672   0.587979
      0.41   0.591503   0.570958   0.581049
      0.42    0.56967   0.571118   0.570393
      0.43    0.55342   0.571386   0.562259
      0.44   0.535488   0.573621   0.553899
      0.45   0.520956   0.576235   0.547203
      0.46   0.502058   0.576093   0.536533
      0.47   0.489101   0.576284   0.529125
      0.48   0.468199   0.575545   0.516352
      0.49   0.457389   0.575961   0.509872
       0.5    0.43688   0.574208   0.496218
      0.51   0.413723   0.573068    0.48053
      0.52   0.401374   0.571394   0.471526
      0.53   0.380651   0.572104   0.457141
      0.54   0.367336   0.573403     0.4478
      0.55   0.343105   0.577165    0.43037
      0.56    0.33455   0.583596   0.425297
      0.57   0.316654   0.592963   0.412842
      0.58   0.307312   0.600073   0.406464
      0.59   0.292172   0.618528   0.396874
       0.6   0.284191   0.625428   0.390803
      0.61   0.271019   0.634921   0.379883
      0.62   0.250546   0.642969   0.360583
      0.63   0.238663   0.652691    0.34952
      0.64   0.217366   0.667097   0.327893
      0.65   0.199936   0.674095     0.3084
      0.66   0.191632    0.68845   0.299811
      0.67   0.179677   0.688604   0.284992
      0.68   0.168152    0.69124   0.270502
      0.69   0.160493    0.69371   0.260676
       0.7   0.151723   0.709901   0.250013
      0.71   0.142274   0.718447   0.237514
      0.72   0.134722   0.724886   0.227216
      0.73   0.123555   0.740926   0.211792
      0.74   0.115466   0.742147    0.19984
      0.75   0.107699   0.753173   0.188451
      0.76   0.104943   0.759071   0.184393
      0.77   0.100648   0.772586   0.178095
      0.78  0.0979634   0.779579   0.174055
      0.79  0.0928451    0.79823   0.166342
       0.8  0.0874047   0.816981   0.157915
      0.81  0.0828591   0.863248   0.151205
      0.82  0.0789935   0.920482   0.145501
      0.83  0.0775618   0.949109   0.143405
      0.84  0.0731236    0.97971    0.13609
      0.85  0.0661441   0.981132   0.123933
      0.86  0.0598447   0.985663   0.112838
      0.87  0.0527578      0.988   0.100167
      0.88  0.0491428   0.991266  0.0936431
      0.89   0.045313          1  0.0866975
       0.9  0.0434518          1  0.0832847
      0.91  0.0418769          1  0.0803875
      0.92  0.0400515          1  0.0770184
      0.93  0.0360786          1  0.0696445
      0.94  0.0340742          1  0.0659029
      0.95  0.0302803          1  0.0587806
      0.96  0.0257346          1   0.050178
      0.97  0.0199721          1   0.039162
      0.98  0.0154265          1  0.0303842
      0.99 0.00705108          1  0.0140034
