         0          1   0.173626   0.295879
      0.01    0.92045   0.533972   0.675862
      0.02    0.92045   0.534263   0.676096
      0.03    0.92045   0.535552   0.677126
      0.04    0.91948   0.539385   0.679918
      0.05    0.91948   0.542038   0.682021
      0.06   0.918898   0.546491   0.685373
      0.07   0.918704   0.553403   0.690729
      0.08   0.915891   0.566012   0.699648
      0.09   0.912883   0.575075   0.705633
       0.1   0.904249   0.588771    0.71318
      0.11   0.894063   0.612799   0.727181
      0.12   0.881936   0.632006   0.736341
      0.13   0.870392   0.657335   0.749007
      0.14   0.858362    0.67159   0.753576
      0.15   0.836341    0.71443   0.770593
      0.16   0.821692   0.735636   0.776286
      0.17   0.794043   0.766763   0.780165
      0.18   0.782305   0.778603   0.780449
      0.19    0.76979   0.797961   0.783623
       0.2   0.760477    0.80628   0.782709
      0.21    0.75194     0.8205   0.784725
      0.22   0.742821   0.834936    0.78619
      0.23   0.739232   0.840934    0.78681
      0.24   0.735545   0.846797    0.78726
      0.25   0.734187   0.849238   0.787533
      0.26   0.728851   0.857892   0.788124
      0.27   0.726717   0.862965   0.789002
      0.28   0.725165   0.867585   0.790008
      0.29   0.723128   0.872029   0.790629
       0.3   0.720023   0.880923   0.792388
      0.31   0.715076   0.887333   0.791946
      0.32   0.713232   0.890534   0.792083
      0.33   0.708479   0.898684   0.792326
      0.34   0.703822   0.903333   0.791194
      0.35   0.700815   0.906929    0.79066
      0.36   0.698972   0.910912   0.790991
      0.37   0.695479   0.913781   0.789823
      0.38   0.691211   0.915942   0.787864
      0.39   0.685681   0.917098   0.784683
       0.4   0.678308   0.924585   0.782527
      0.41   0.667734   0.926905   0.776258
      0.42   0.655607    0.93328   0.770181
      0.43   0.647458   0.936678   0.765666
      0.44   0.632324   0.936752   0.755006
      0.45   0.616123    0.94484    0.74587
      0.46   0.604482   0.949391   0.738657
      0.47   0.598758   0.954057    0.73576
      0.48   0.569364   0.962806   0.715569
      0.49   0.556849   0.967742   0.706926
       0.5   0.525805   0.973747   0.682872
      0.51   0.502328   0.984752   0.665289
      0.52   0.482441   0.988111   0.648335
      0.53   0.468374   0.990278   0.635958
      0.54   0.456345   0.991317   0.624983
      0.55   0.437233   0.992248   0.606995
      0.56    0.42501    0.99359   0.595355
      0.57    0.40163   0.996564   0.572524
      0.58   0.378056    0.99631   0.548123
      0.59   0.343229   0.998024   0.510792
       0.6    0.32499          1   0.490555
      0.61   0.305491          1   0.468009
      0.62   0.265425          1   0.419503
      0.63   0.252619          1   0.403346
      0.64   0.226814          1   0.369761
      0.65    0.21362          1   0.352038
      0.66   0.187233          1   0.315411
      0.67   0.171517          1   0.292812
      0.68   0.120392          1    0.21491
      0.69  0.0956539          1   0.174606
       0.7  0.0838184          1   0.154672
      0.71  0.0491851          1  0.0937587
      0.72  0.0432674          1  0.0829459
      0.73  0.0302678          1  0.0587571
      0.74  0.0224098          1  0.0438372
      0.75  0.0142608          1  0.0281205
      0.76          0          0          0
      0.77          0          0          0
      0.78          0          0          0
      0.79          0          0          0
       0.8          0          0          0
      0.81          0          0          0
      0.82          0          0          0
      0.83          0          0          0
      0.84          0          0          0
      0.85          0          0          0
      0.86          0          0          0
      0.87          0          0          0
      0.88          0          0          0
      0.89          0          0          0
       0.9          0          0          0
      0.91          0          0          0
      0.92          0          0          0
      0.93          0          0          0
      0.94          0          0          0
      0.95          0          0          0
      0.96          0          0          0
      0.97          0          0          0
      0.98          0          0          0
      0.99          0          0          0
