         0          1   0.331079    0.49746
      0.01   0.925929   0.289346   0.440911
      0.02   0.925929   0.289346   0.440911
      0.03   0.925929    0.28939   0.440962
      0.04   0.925929   0.289534   0.441128
      0.05   0.925929   0.289717   0.441341
      0.06   0.925929   0.290316   0.442036
      0.07   0.925929   0.290563   0.442322
      0.08   0.925888   0.291167   0.443017
      0.09   0.925888   0.291708   0.443643
       0.1   0.925805   0.292597    0.44466
      0.11   0.925348   0.293859   0.446063
      0.12   0.925307   0.295147   0.447541
      0.13   0.925058   0.297162   0.449825
      0.14   0.924602    0.29864   0.451461
      0.15   0.923565   0.301098   0.454139
      0.16   0.923109   0.303142   0.456405
      0.17   0.921865   0.305684   0.459126
      0.18   0.920247   0.308575   0.462174
      0.19   0.917468   0.311522   0.465116
       0.2   0.916473   0.314032   0.467778
      0.21   0.910086   0.317271   0.470513
      0.22   0.903741   0.320256   0.472924
      0.23   0.898723   0.321985   0.474111
      0.24   0.893165    0.32661   0.478312
      0.25   0.889557   0.330176   0.481598
      0.26   0.883461   0.335964   0.486805
      0.27   0.878484   0.340416   0.490688
      0.28   0.869235   0.347341   0.496346
      0.29   0.862807   0.351733   0.499741
       0.3   0.854098   0.359898   0.506407
      0.31   0.842568    0.36895   0.513183
      0.32   0.837301   0.374878   0.517887
      0.33   0.824195   0.384061   0.523963
      0.34   0.816191   0.390848   0.528577
      0.35   0.804039   0.403201   0.537075
      0.36   0.793256   0.410815   0.541299
      0.37   0.772313   0.421846   0.545651
      0.38   0.761695   0.432212    0.55149
      0.39   0.745728   0.443354   0.556095
       0.4   0.733494   0.451001   0.558561
      0.41   0.715453   0.464034   0.562947
      0.42   0.695878   0.479304   0.567634
      0.43    0.68609     0.4926   0.573464
      0.44    0.67315   0.512356   0.581849
      0.45   0.660335   0.526308   0.585753
      0.46   0.639516   0.543478   0.587599
      0.47   0.626908   0.555373   0.588976
      0.48   0.607706    0.57311   0.589901
      0.49   0.594517   0.586944   0.590706
       0.5   0.571458   0.605559   0.588015
      0.51   0.552795   0.625837   0.587053
      0.52   0.538611   0.639457   0.584718
      0.53   0.516631   0.654292   0.577369
      0.54   0.495604   0.666208    0.56838
      0.55   0.470927   0.683153   0.557527
      0.56   0.451062   0.690204   0.545578
      0.57   0.436297   0.709097   0.540211
      0.58   0.422196   0.717591   0.531616
      0.59   0.402538   0.728991   0.518673
       0.6   0.385202   0.737091    0.50598
      0.61   0.360277   0.745859   0.485864
      0.62   0.339706   0.760585   0.469649
      0.63   0.325315   0.763889   0.456305
      0.64   0.301344   0.767357   0.432746
      0.65   0.285211    0.77377   0.416792
      0.66   0.265096   0.783453   0.396148
      0.67   0.250498   0.785604    0.37987
      0.68   0.228558   0.789887   0.354531
      0.69   0.210352    0.80112   0.333211
       0.7    0.19791   0.815544   0.318523
      0.71   0.175639   0.829181   0.289875
      0.72   0.167551    0.84129   0.279448
      0.73   0.148225   0.866972   0.253166
      0.74   0.133004   0.876091   0.230947
      0.75   0.114258   0.889336     0.2025
      0.76   0.100241   0.897321   0.180336
      0.77  0.0833195   0.896373   0.152467
      0.78  0.0756885   0.897436   0.139603
      0.79  0.0607167   0.907216   0.113816
       0.8  0.0531685   0.903475   0.100427
      0.81  0.0457863    0.90708  0.0871725
      0.82  0.0424685   0.948187  0.0812958
      0.83  0.0397313   0.949721  0.0762717
      0.84  0.0346301   0.957746  0.0668432
      0.85  0.0287823    0.99115  0.0559402
      0.86  0.0263769          1  0.0513981
      0.87  0.0233908          1  0.0457124
      0.88  0.0168796          1  0.0331987
      0.89  0.0153451          1  0.0302263
       0.9  0.0121516          1  0.0240115
      0.91 0.00958029          1  0.0189788
      0.92 0.00787989          1  0.0156366
      0.93 0.00646981          1  0.0128564
      0.94 0.00584771          1  0.0116274
      0.95 0.00161745          1 0.00322968
      0.96 0.00153451          1 0.00306431
      0.97 0.00128567          1 0.00256803
      0.98 0.000995355          1 0.00198873
      0.99 0.000622097          1 0.00124342
