         0          1   0.339259   0.506637
      0.01    0.98419   0.755136   0.854581
      0.02    0.98419    0.75554    0.85484
      0.03   0.984074   0.755799   0.854961
      0.04   0.979204   0.755216   0.852746
      0.05   0.973328   0.755706   0.850822
      0.06   0.962853   0.762509   0.851049
      0.07    0.95114   0.768837   0.850327
      0.08   0.931388   0.776126   0.846698
      0.09   0.920758   0.781656   0.845524
       0.1   0.899613   0.790275   0.841407
      0.11   0.886278   0.796324   0.838896
      0.12   0.876575   0.799827   0.836444
      0.13   0.862428   0.805192   0.832827
      0.14   0.855044      0.808   0.830857
      0.15   0.844956   0.813272   0.828811
      0.16   0.838887   0.816548   0.827567
      0.17   0.823579   0.821391   0.822484
      0.18   0.815346   0.822903   0.819107
      0.19   0.800077   0.823272   0.811509
       0.2   0.788365   0.826112   0.806797
      0.21   0.769269   0.829607     0.7983
      0.22   0.752687   0.837558   0.792857
      0.23   0.739041   0.844281   0.788163
      0.24   0.717433   0.849772   0.778015
      0.25   0.701662   0.853598   0.770209
      0.26   0.678353   0.860546   0.758665
      0.27   0.662002   0.865176   0.750074
      0.28   0.636722    0.87206   0.736037
      0.29   0.620642   0.877445   0.727033
       0.3   0.588481   0.885768    0.70715
      0.31   0.562775   0.890936   0.689816
      0.32   0.543409   0.892868   0.675626
      0.33   0.513954   0.893919   0.652663
      0.34   0.489215   0.895714   0.632808
      0.35   0.458485   0.900548    0.60762
      0.36    0.43506   0.903523   0.587318
      0.37   0.402938   0.906162   0.557829
      0.38   0.374874   0.902414   0.529703
      0.39   0.335253   0.899492   0.488453
       0.4   0.303363   0.895808   0.453238
      0.41    0.27012   0.887624   0.414193
      0.42   0.223811   0.882556   0.357071
      0.43   0.196714   0.866667   0.320648
      0.44   0.138152   0.839474   0.237259
      0.45   0.109896   0.822684   0.193891
      0.46  0.0816776   0.806186   0.148328
      0.47  0.0731736   0.808314   0.134199
      0.48  0.0595284    0.79726   0.110785
      0.49  0.0528411   0.789809  0.0990551
       0.5    0.03707   0.760163  0.0706925
      0.51  0.0321995   0.753695  0.0617604
      0.52  0.0240046   0.744048  0.0465088
      0.53  0.0213375    0.77037  0.0415248
      0.54  0.0186316   0.814815  0.0364302
      0.55    0.01724   0.827957  0.0337768
      0.56  0.0160417   0.853659  0.0314917
      0.57  0.0123695   0.842857  0.0243813
      0.58  0.0118284   0.836066  0.0233267
      0.59  0.0110166   0.851852  0.0217519
       0.6 0.00993429       0.84  0.0196363
      0.61 0.00858137   0.853659  0.0169919
      0.62 0.00711249   0.882353  0.0141112
      0.63 0.00664863   0.903226  0.0132001
      0.64 0.00498647      0.875 0.00991643
      0.65 0.00487051   0.904762 0.00968886
      0.66  0.0016235   0.923077  0.0032413
      0.67 0.00135292   0.916667 0.00270185
      0.68 0.00135292   0.916667 0.00270185
      0.69 0.00135292   0.916667 0.00270185
       0.7 0.00104368          1 0.00208518
      0.71 0.00096637          1 0.00193087
      0.72 0.00096637          1 0.00193087
      0.73 0.000927716          1 0.00185371
      0.74 0.000734441          1  0.0014678
      0.75 0.000579822          1 0.00115897
      0.76 0.000579822          1 0.00115897
      0.77          0          0          0
      0.78          0          0          0
      0.79          0          0          0
       0.8          0          0          0
      0.81          0          0          0
      0.82          0          0          0
      0.83          0          0          0
      0.84          0          0          0
      0.85          0          0          0
      0.86          0          0          0
      0.87          0          0          0
      0.88          0          0          0
      0.89          0          0          0
       0.9          0          0          0
      0.91          0          0          0
      0.92          0          0          0
      0.93          0          0          0
      0.94          0          0          0
      0.95          0          0          0
      0.96          0          0          0
      0.97          0          0          0
      0.98          0          0          0
      0.99          0          0          0
