         0          1   0.393948   0.565226
      0.01   0.959677   0.423972   0.588121
      0.02   0.959677   0.423987   0.588135
      0.03   0.959677   0.424078   0.588223
      0.04   0.959677    0.42437   0.588504
      0.05   0.959677   0.424809   0.588925
      0.06   0.959642   0.425669   0.589745
      0.07   0.959642    0.42674   0.590772
      0.08   0.958298   0.429083   0.592756
      0.09   0.957697   0.430998   0.594465
       0.1   0.957414   0.433516   0.596801
      0.11    0.95561   0.436528   0.599294
      0.12   0.953028   0.440141   0.602176
      0.13   0.947121   0.445089   0.605588
      0.14   0.941992   0.450041   0.609087
      0.15   0.930284   0.457196   0.613086
      0.16   0.921583   0.463047    0.61639
      0.17   0.899689   0.469963   0.617413
      0.18   0.881296   0.475437   0.617661
      0.19   0.862443   0.483971   0.620014
       0.2   0.847057   0.488103   0.619328
      0.21   0.812005   0.496413   0.616148
      0.22   0.768039    0.50379   0.608463
      0.23   0.742183   0.510817   0.605139
      0.24   0.696661   0.524455   0.598415
      0.25   0.665712   0.534365    0.59285
      0.26   0.622489     0.5534   0.585915
      0.27   0.593662   0.564131    0.57852
      0.28    0.54966   0.582669   0.565684
      0.29   0.524795   0.597664   0.558864
       0.3    0.47142   0.614867   0.533673
      0.31   0.435661   0.633966   0.516431
      0.32   0.410123   0.649212   0.502687
      0.33   0.371357   0.669061   0.477616
      0.34    0.34108   0.680349    0.45437
      0.35   0.301358   0.688982   0.419311
      0.36   0.278721   0.695874   0.398021
      0.37   0.251344   0.703048   0.370303
      0.38   0.231501   0.706044   0.348677
      0.39   0.202568   0.703871   0.314597
       0.4   0.188738   0.711348   0.298323
      0.41   0.172397   0.704132   0.276979
      0.42   0.154994   0.702807   0.253977
      0.43   0.144949   0.699471   0.240136
      0.44   0.124929   0.694656   0.211773
      0.45   0.115167   0.680339   0.196988
      0.46   0.101372   0.653061   0.175502
      0.47  0.0839346   0.643426   0.148498
      0.48  0.0718732   0.618605   0.128784
      0.49  0.0606254   0.592784   0.110001
       0.5  0.0506508       0.56  0.0928991
      0.51  0.0424095   0.531365  0.0785497
      0.52  0.0361842   0.512605  0.0675968
      0.53  0.0317982        0.5  0.0597938
      0.54  0.0302419   0.480874  0.0569051
      0.55  0.0250071   0.456376   0.047416
      0.56  0.0221774    0.44697  0.0422581
      0.57  0.0196307   0.433962  0.0375623
      0.58  0.0161998   0.388889  0.0311039
      0.59  0.0105758        0.3  0.0204314
       0.6 0.00756933   0.275862  0.0147344
      0.61 0.00647284   0.282609  0.0126558
      0.62 0.00374929   0.193548 0.00735609
      0.63 0.00293577       0.16 0.00576574
      0.64          0          0          0
      0.65          0          0          0
      0.66          0          0          0
      0.67          0          0          0
      0.68          0          0          0
      0.69          0          0          0
       0.7          0          0          0
      0.71          0          0          0
      0.72          0          0          0
      0.73          0          0          0
      0.74          0          0          0
      0.75          0          0          0
      0.76          0          0          0
      0.77          0          0          0
      0.78          0          0          0
      0.79          0          0          0
       0.8          0          0          0
      0.81          0          0          0
      0.82          0          0          0
      0.83          0          0          0
      0.84          0          0          0
      0.85          0          0          0
      0.86          0          0          0
      0.87          0          0          0
      0.88          0          0          0
      0.89          0          0          0
       0.9          0          0          0
      0.91          0          0          0
      0.92          0          0          0
      0.93          0          0          0
      0.94          0          0          0
      0.95          0          0          0
      0.96          0          0          0
      0.97          0          0          0
      0.98          0          0          0
      0.99          0          0          0
