         0          1   0.310743   0.474148
      0.01   0.950106   0.347028   0.508372
      0.02   0.950106   0.347028   0.508372
      0.03   0.950106   0.347028   0.508372
      0.04   0.950106    0.34746   0.508835
      0.05   0.950106   0.347882   0.509288
      0.06   0.950106   0.349381   0.510892
      0.07   0.950106   0.351244   0.512881
      0.08   0.950066   0.354889    0.51675
      0.09   0.950066   0.357898   0.519933
       0.1   0.949986   0.363916   0.526242
      0.11   0.949826   0.370649    0.53322
      0.12   0.949384   0.375856   0.538516
      0.13   0.948502   0.384741   0.547429
      0.14   0.948502   0.391502   0.554238
      0.15   0.948181   0.401537   0.564162
      0.16   0.947499   0.409358   0.571713
      0.17   0.945454   0.422634   0.584145
      0.18   0.944612   0.431691   0.592574
      0.19   0.943248   0.444669   0.604407
       0.2   0.941202   0.453755   0.612313
      0.21    0.93671     0.4666   0.622912
      0.22   0.932258   0.481797   0.635278
      0.23   0.928047   0.491143   0.642343
      0.24   0.923355   0.507908   0.655336
      0.25   0.919665   0.517735   0.662506
      0.26   0.912004   0.534722   0.674168
      0.27    0.90655   0.549451   0.684209
      0.28   0.897806   0.568202   0.695952
      0.29   0.892151   0.582956   0.705149
       0.3   0.884932   0.602461   0.716874
      0.31   0.876148   0.622812   0.728072
      0.32   0.870453   0.636228   0.735135
      0.33   0.859544   0.652288    0.74171
      0.34   0.852685   0.665394   0.747486
      0.35   0.837083   0.682604   0.751992
      0.36   0.832511   0.696247   0.758306
      0.37   0.819998   0.717243   0.765186
      0.38   0.807805   0.727907   0.765778
      0.39   0.792965   0.747665   0.769649
       0.4   0.783821   0.758378   0.770889
      0.41   0.767056   0.772746    0.76989
      0.42   0.747283   0.787405   0.766819
      0.43   0.733205   0.798858   0.764625
      0.44   0.709461    0.80936   0.756126
      0.45   0.697991    0.81976   0.753991
      0.46   0.674247   0.834704   0.745944
      0.47   0.660931   0.840967   0.740159
      0.48   0.642362    0.85164   0.732343
      0.49    0.62676   0.859434   0.724883
       0.5    0.60057    0.86936   0.710389
      0.51   0.579072   0.876396   0.697365
      0.52   0.566719     0.8803   0.689532
      0.53   0.538122   0.888039   0.670153
      0.54   0.523603   0.891047   0.659605
      0.55   0.491638   0.896022   0.634908
      0.56   0.474552   0.899014   0.621199
      0.57   0.461878   0.905426   0.611709
      0.58    0.44764   0.907541   0.599553
      0.59   0.436811   0.911159   0.590524
       0.6   0.427105    0.91714   0.582803
      0.61   0.411944   0.920958   0.569259
      0.62   0.394337   0.921845   0.552382
      0.63   0.380379   0.922554   0.538662
      0.64   0.349657   0.920896   0.506862
      0.65   0.337505   0.921322   0.494032
      0.66   0.320058   0.917716   0.474597
      0.67   0.306742   0.915194   0.459482
      0.68   0.282838   0.913876   0.431981
      0.69   0.269603   0.913394   0.416321
       0.7   0.252396   0.907996   0.394996
      0.71   0.228573   0.900246   0.364579
      0.72   0.218586   0.902406   0.351926
      0.73   0.198452    0.89403   0.324805
      0.74   0.188385   0.887821   0.310818
      0.75   0.162636   0.872222   0.274153
      0.76   0.148678   0.862626   0.253641
      0.77   0.119881   0.836585   0.209711
      0.78   0.101753   0.810734   0.180812
      0.79  0.0714715   0.738281   0.130326
       0.8  0.0565516   0.708696   0.104745
      0.81  0.0473268   0.669951  0.0884083
      0.82  0.0423134   0.641711  0.0793918
      0.83  0.0404283   0.619318  0.0759019
      0.84  0.0317651   0.570513  0.0601796
      0.85  0.0292785   0.537931  0.0555343
      0.86  0.0273533        0.5   0.051869
      0.87  0.0209361   0.436975  0.0399578
      0.88  0.0122328   0.367925  0.0236783
      0.89  0.0113504   0.349515  0.0219868
       0.9 0.00810171   0.344828  0.0158315
      0.91 0.00705892   0.619048  0.0139587
      0.92 0.00661774   0.714286   0.013114
      0.93 0.00465247   0.818182 0.00925233
      0.94 0.00312838          1 0.00623726
      0.95          0          0          0
      0.96          0          0          0
      0.97          0          0          0
      0.98          0          0          0
      0.99          0          0          0
