         0          1   0.172013   0.293534
      0.01   0.973967   0.221455   0.360859
      0.02   0.973967   0.221954   0.361522
      0.03   0.973967   0.222913   0.362793
      0.04   0.973967   0.225948   0.366802
      0.05   0.973967   0.229049   0.370879
      0.06   0.973967   0.234908   0.378522
      0.07   0.973967   0.239864   0.384929
      0.08   0.973967   0.249172   0.396824
      0.09   0.973967   0.256852   0.406502
       0.1   0.973752   0.269377   0.422011
      0.11   0.971529   0.283007   0.438329
      0.12   0.971027   0.293234   0.450442
      0.13   0.967226   0.309671   0.469141
      0.14   0.963712   0.321185   0.481798
      0.15   0.955823   0.338617   0.500074
      0.16   0.952022   0.351073   0.512978
      0.17   0.944707   0.368304   0.529987
      0.18   0.939329   0.380303   0.541408
      0.19   0.930651   0.399351   0.558881
       0.2   0.925775   0.412424   0.570635
      0.21   0.914157   0.429037   0.583992
      0.22   0.906842   0.445915   0.597852
      0.23   0.895869   0.455288   0.603747
      0.24   0.878155   0.469542   0.611904
      0.25   0.869119   0.480149   0.618567
      0.26   0.848824   0.492485   0.623321
      0.27   0.837493   0.501152   0.627069
      0.28   0.814114   0.516994   0.632393
      0.29   0.802352   0.527382   0.636437
       0.3   0.782057   0.536869   0.636672
      0.31   0.749068   0.548613   0.633358
      0.32   0.732932   0.557303   0.633164
      0.33   0.705034    0.56791   0.629086
      0.34    0.68395    0.57708   0.625986
      0.35   0.665017   0.589038   0.624726
      0.36    0.65677   0.597081   0.625505
      0.37   0.646801   0.613275   0.629592
      0.38   0.643144   0.624965   0.633924
      0.39   0.635255    0.64134   0.638283
       0.4   0.623709   0.651916   0.637501
      0.41   0.614171   0.662162   0.637264
      0.42   0.595812   0.666897   0.629354
      0.43   0.588497   0.670823   0.626969
      0.44   0.574154   0.678261    0.62188
      0.45   0.560026   0.679275   0.613913
      0.46   0.531268    0.69087   0.600648
      0.47   0.522088   0.696074   0.596656
      0.48   0.498781   0.694561   0.580611
      0.49   0.488526    0.69305   0.573087
       0.5   0.463425   0.686124   0.553203
      0.51   0.434811   0.672867   0.528258
      0.52   0.423336    0.67028   0.518927
      0.53    0.39673   0.661765   0.496066
      0.54    0.37457   0.661746   0.478368
      0.55   0.360011   0.653873   0.464356
      0.56   0.342441   0.648629   0.448237
      0.57   0.321715   0.643868   0.429051
      0.58   0.311604    0.64227   0.419623
      0.59   0.286288   0.628947   0.393473
       0.6   0.276104   0.615032   0.381116
      0.61   0.260686        0.6   0.363458
      0.62   0.236876   0.580405   0.336442
      0.63    0.21988   0.568539   0.317116
      0.64   0.204174   0.550303   0.297842
      0.65   0.192628   0.538363   0.283734
      0.66   0.167599   0.529161   0.254569
      0.67   0.154116   0.520896   0.237858
      0.68    0.14508   0.530945    0.22789
      0.69   0.134968   0.523236   0.214585
       0.7   0.124426    0.50469   0.199635
      0.71    0.11453   0.527964   0.188228
      0.72   0.105135    0.55643   0.176854
      0.73  0.0892857    0.62782   0.156338
      0.74  0.0776678       0.68   0.139412
      0.75  0.0548623   0.787402   0.102578
      0.76  0.0478342   0.794393  0.0902349
      0.77   0.036288   0.802632  0.0694367
      0.78  0.0229489   0.774194  0.0445765
      0.79  0.0194349       0.76  0.0379006
       0.8  0.0148451   0.767442  0.0291268
      0.81  0.0130522   0.777778  0.0256736
      0.82  0.0110442   0.777778  0.0217791
      0.83 0.00358577   0.333333 0.00709522
      0.84          0          0          0
      0.85          0          0          0
      0.86          0          0          0
      0.87          0          0          0
      0.88          0          0          0
      0.89          0          0          0
       0.9          0          0          0
      0.91          0          0          0
      0.92          0          0          0
      0.93          0          0          0
      0.94          0          0          0
      0.95          0          0          0
      0.96          0          0          0
      0.97          0          0          0
      0.98          0          0          0
      0.99          0          0          0
