         0          1   0.171113   0.292223
      0.01   0.968851   0.142861   0.249006
      0.02   0.968851   0.142996    0.24921
      0.03   0.968851   0.143355   0.249756
      0.04   0.968851   0.144441   0.251402
      0.05   0.968851   0.145544   0.253072
      0.06    0.96828   0.148752   0.257887
      0.07   0.967613   0.151164   0.261478
      0.08   0.965612   0.156226    0.26894
      0.09   0.962469   0.160435   0.275025
       0.1   0.952086   0.168471   0.286284
      0.11   0.939608   0.179907   0.301992
      0.12   0.936083   0.189476   0.315159
      0.13   0.929606    0.20596   0.337209
      0.14   0.923319   0.218763   0.353719
      0.15   0.919127   0.241576   0.382594
      0.16   0.916079   0.257067   0.401474
      0.17   0.908935   0.283399   0.432078
      0.18   0.905315   0.304264   0.455455
      0.19   0.893789   0.336169   0.488576
       0.2   0.883502   0.358806    0.51035
      0.21     0.8755   0.390698   0.540289
      0.22   0.863593   0.421046   0.566093
      0.23   0.854639   0.442002   0.582662
      0.24   0.847304   0.472168   0.606409
      0.25   0.841684   0.490591   0.619876
      0.26   0.831396   0.514199   0.635411
      0.27   0.824729   0.528846   0.644448
      0.28   0.809202   0.550541   0.655269
      0.29   0.801962   0.561346   0.660421
       0.3   0.790817   0.573926   0.665137
      0.31   0.763955   0.588835    0.66506
      0.32   0.755477   0.599028   0.668218
      0.33   0.741094   0.615098   0.672243
      0.34   0.726615   0.624318   0.671593
      0.35   0.701943   0.638912   0.668946
      0.36   0.689941   0.649661   0.669195
      0.37   0.654982   0.657623     0.6563
      0.38   0.625738   0.664845   0.644699
      0.39   0.588779   0.671863   0.627583
       0.4   0.572776   0.677521   0.620761
      0.41   0.539341   0.682573   0.602562
      0.42   0.513717   0.689095    0.58862
      0.43   0.478853   0.692804   0.566294
      0.44   0.444466   0.702863   0.544567
      0.45   0.416651   0.715032   0.526506
      0.46   0.388074   0.734525   0.507839
      0.47    0.36445   0.743188   0.489068
      0.48    0.34578    0.76699   0.476666
      0.49   0.334445   0.776814    0.46758
       0.5   0.318346   0.799472   0.455367
      0.51   0.298152   0.827352    0.43834
      0.52   0.291008   0.845603   0.433002
      0.53   0.280434   0.886133    0.42604
      0.54    0.27329   0.905289   0.419839
      0.55    0.24738   0.926997    0.39054
      0.56    0.23976   0.932277   0.381426
      0.57   0.227662   0.940532   0.366589
      0.58   0.217756   0.946667   0.354068
      0.59   0.205563   0.960073   0.338623
       0.6   0.194323    0.96139   0.323298
      0.61   0.179082   0.971861   0.302435
      0.62   0.164889   0.977995   0.282199
      0.63   0.146123   0.978836   0.254286
      0.64   0.140312   0.991329    0.24583
      0.65   0.136121          1   0.239624
      0.66   0.131073          1   0.231767
      0.67   0.126881          1    0.22519
      0.68   0.122023          1   0.217506
      0.69   0.119832          1   0.214018
       0.7    0.11145          1   0.200549
      0.71   0.104591          1   0.189376
      0.72   0.102019          1    0.18515
      0.73  0.0969709          1   0.176797
      0.74  0.0936369          1   0.171239
      0.75   0.088112          1   0.161954
      0.76  0.0858259          1   0.158084
      0.77  0.0796342          1   0.147521
      0.78  0.0763002          1   0.141782
      0.79  0.0713469          1   0.133191
       0.8   0.068394          1   0.128031
      0.81  0.0626786          1   0.117963
      0.82  0.0507716          1  0.0966368
      0.83  0.0431511          1  0.0827322
      0.84  0.0307678          1  0.0596987
      0.85  0.0218137          1   0.042696
      0.86  0.0215279          1  0.0421485
      0.87  0.0215279          1  0.0421485
      0.88  0.0206706          1   0.040504
      0.89  0.0187655          1  0.0368396
       0.9  0.0159078          1  0.0313174
      0.91  0.0112402          1  0.0222306
      0.92   0.011145          1  0.0220443
      0.93 0.00923986          1  0.0183105
      0.94 0.00800152          1   0.015876
      0.95 0.00714422          1  0.0141871
      0.96 0.00676319          1  0.0134355
      0.97          0          0          0
      0.98          0          0          0
      0.99          0          0          0
