         0          1   0.391539   0.562742
      0.01   0.875491   0.479922   0.619984
      0.02   0.875491    0.47981   0.619891
      0.03   0.875491   0.479734   0.619827
      0.04   0.875175   0.479894   0.619881
      0.05    0.87472   0.479919   0.619789
      0.06   0.873598   0.479593   0.619235
      0.07     0.8709   0.479538    0.61851
      0.08    0.86715   0.479955   0.617907
      0.09   0.862174   0.479458   0.616229
       0.1   0.856147   0.480599    0.61562
      0.11   0.845634   0.480818   0.613058
      0.12   0.836452    0.48038   0.610275
      0.13   0.822295   0.481603    0.60744
      0.14   0.812097   0.483448   0.606087
      0.15   0.795732   0.485088   0.602739
      0.16   0.785814   0.487226   0.601503
      0.17    0.76605   0.490779   0.598269
      0.18   0.756063   0.494693   0.598068
      0.19   0.732864   0.500552    0.59483
       0.2   0.721755    0.50578   0.594768
      0.21   0.706476   0.515115   0.595807
      0.22   0.686571   0.523473    0.59403
      0.23   0.672414   0.532173    0.59413
      0.24   0.660884   0.546233   0.598114
      0.25   0.649601   0.555613   0.598942
      0.26   0.635723   0.572944   0.602703
      0.27   0.628855   0.585146   0.606213
      0.28   0.614837   0.604686   0.609719
      0.29   0.604955   0.616211   0.610531
       0.3    0.59276   0.631395   0.611468
      0.31   0.567844   0.646548   0.604646
      0.32   0.557892   0.659646   0.604517
      0.33   0.537496   0.677368    0.59938
      0.34   0.521587   0.687279   0.593078
      0.35   0.500631   0.706848    0.58613
      0.36   0.484791   0.720472   0.579589
      0.37   0.461067   0.739958   0.568131
      0.38   0.446909   0.752478   0.560768
      0.39   0.435695   0.774098   0.557568
       0.4   0.425112   0.793838   0.553706
      0.41   0.412391   0.818153   0.548374
      0.42   0.386004   0.831542   0.527255
      0.43    0.37507    0.84226   0.519015
      0.44   0.358459   0.864386   0.506765
      0.45   0.347211   0.880052   0.497959
      0.46   0.330355   0.889252   0.481743
      0.47   0.317704   0.897398   0.469272
      0.48   0.304072   0.906283   0.455363
      0.49   0.297589   0.916433   0.449284
       0.5   0.284798   0.920316   0.434987
      0.51    0.26987    0.92649   0.417987
      0.52   0.259076   0.929837   0.405242
      0.53    0.24215   0.938272   0.384952
      0.54     0.2336   0.943627   0.374492
      0.55   0.222701   0.949423   0.360777
      0.56   0.215342   0.954077   0.351376
      0.57    0.20553   0.958753   0.338496
      0.58   0.199012   0.966138    0.33004
      0.59   0.187588   0.968037   0.314275
       0.6   0.178091   0.968599   0.300864
      0.61     0.1694   0.975228   0.288659
      0.62   0.158572   0.980309   0.272986
      0.63   0.150967   0.983607   0.261759
      0.64   0.140349   0.995025      0.246
      0.65   0.131343   0.996396   0.232092
      0.66   0.118342          1   0.211638
      0.67   0.110948          1   0.199735
      0.68   0.102187          1   0.185425
      0.69  0.0979815          1   0.178476
       0.7  0.0912181          1   0.167186
      0.71  0.0875736          1   0.161044
      0.72   0.085506          1   0.157541
      0.73  0.0820017          1   0.151574
      0.74  0.0777264          1   0.144241
      0.75  0.0736964          1   0.137276
      0.76  0.0710681          1   0.132705
      0.77  0.0641295          1    0.12053
      0.78  0.0599593          1   0.113135
      0.79  0.0553336          1   0.104865
       0.8  0.0496916          1  0.0946785
      0.81   0.045977          1  0.0879121
      0.82  0.0389683          1  0.0750135
      0.83  0.0353238          1  0.0682372
      0.84  0.0261424          1  0.0509528
      0.85  0.0231287          1  0.0452117
      0.86  0.0101976          1  0.0201894
      0.87 0.00504626          1  0.0100418
      0.88 0.00413513          1  0.0082362
      0.89  0.0034693          1 0.00691461
       0.9          0          0          0
      0.91          0          0          0
      0.92          0          0          0
      0.93          0          0          0
      0.94          0          0          0
      0.95          0          0          0
      0.96          0          0          0
      0.97          0          0          0
      0.98          0          0          0
      0.99          0          0          0
