         0          1   0.216663    0.35616
      0.01   0.996649   0.699411   0.821984
      0.02   0.996649   0.699411   0.821984
      0.03   0.996649   0.699803   0.822255
      0.04   0.996649   0.700169   0.822507
      0.05   0.996649   0.699972   0.822371
      0.06   0.996558   0.699619   0.822097
      0.07   0.996467   0.699365   0.821891
      0.08   0.996241   0.699136   0.821656
      0.09   0.995833   0.699333   0.821653
       0.1   0.995516   0.699472    0.82164
      0.11   0.995154   0.700807   0.822437
      0.12   0.994792   0.700739   0.822267
      0.13   0.994429   0.701082   0.822379
      0.14   0.994293   0.701486    0.82261
      0.15   0.993659   0.703449   0.823741
      0.16   0.993025   0.705749   0.825097
      0.17   0.992029   0.707777   0.826136
      0.18   0.991757   0.711822    0.82879
      0.19   0.988632   0.716233   0.830671
       0.2   0.986866    0.71872   0.831714
      0.21    0.98433   0.721621   0.832747
      0.22    0.97817   0.724975   0.832752
      0.23   0.973868   0.727659    0.83295
      0.24   0.967844   0.731177   0.833027
      0.25   0.964357   0.733416   0.833179
      0.26    0.95394   0.737945   0.832155
      0.27   0.949909   0.740591   0.832291
      0.28    0.93913   0.746384   0.831736
      0.29   0.928397   0.748372    0.82872
       0.3   0.922736    0.75245   0.828938
      0.31   0.913315   0.757692   0.828257
      0.32   0.906612   0.762996   0.828628
      0.33   0.899819   0.770759   0.830303
      0.34   0.891667   0.776605   0.830168
      0.35    0.87885   0.786984   0.830384
      0.36   0.867708   0.792158   0.828214
      0.37   0.844656    0.80319   0.823401
      0.38   0.838043   0.810539   0.824062
      0.39   0.831567   0.818473   0.824968
       0.4   0.823505   0.824239   0.823872
      0.41   0.812862   0.835325    0.82394
      0.42   0.804348   0.840267   0.821915
      0.43   0.799638   0.844553   0.821482
      0.44   0.789538   0.852159   0.819654
      0.45   0.787274   0.856296   0.820335
      0.46   0.778804   0.862279   0.818419
      0.47   0.772554   0.864507   0.815948
      0.48   0.762092   0.866788   0.811075
      0.49   0.753578   0.870698   0.807915
       0.5   0.744067    0.87508   0.804273
      0.51   0.731748   0.884096    0.80074
      0.52   0.725272   0.888588   0.798666
      0.53    0.71558   0.899004   0.796873
      0.54   0.707473   0.906112   0.794566
      0.55   0.678351   0.918214   0.780265
      0.56   0.656839   0.920934   0.766784
      0.57   0.622283   0.926818   0.744616
      0.58   0.595426   0.934056   0.727254
      0.59   0.563587   0.937977   0.704108
       0.6   0.541033   0.943176   0.687624
      0.61   0.503668   0.949432   0.658177
      0.62    0.47894   0.954573    0.63785
      0.63   0.466395   0.958693   0.627512
      0.64   0.447373    0.95974   0.610274
      0.65   0.424728   0.969615   0.590705
      0.66   0.406205   0.972477   0.573047
      0.67   0.393478   0.974508   0.560602
      0.68   0.377129   0.979845   0.544635
      0.69   0.367844   0.984076   0.535515
       0.7   0.354665   0.987572   0.521901
      0.71   0.334194   0.991243   0.499861
      0.72   0.324275   0.992799   0.488872
      0.73   0.316123   0.994377   0.479734
      0.74   0.305389   0.994118   0.467243
      0.75   0.283062   0.994802    0.44072
      0.76   0.272509   0.996739   0.428002
      0.77   0.252219          1   0.402836
      0.78   0.242074          1    0.38979
      0.79   0.224004          1   0.366018
       0.8   0.196649          1   0.328666
      0.81   0.161232          1   0.277691
      0.82   0.125679          1   0.223295
      0.83   0.105344          1   0.190609
      0.84  0.0852355          1   0.157082
      0.85  0.0748188          1   0.139221
      0.86  0.0572011          1   0.108212
      0.87  0.0522645          1  0.0993372
      0.88  0.0466486          1  0.0891389
      0.89  0.0437953          1  0.0839155
       0.9  0.0375453          1  0.0723733
      0.91  0.0322011          1   0.062393
      0.92  0.0216938          1  0.0424664
      0.93  0.0176178          1  0.0346255
      0.94  0.0163496          1  0.0321733
      0.95  0.0113678          1    0.02248
      0.96          0          0          0
      0.97          0          0          0
      0.98          0          0          0
      0.99          0          0          0
