         0          1   0.205491   0.340925
      0.01   0.952337   0.300538   0.456891
      0.02   0.952337   0.300569   0.456927
      0.03   0.952337   0.300709   0.457089
      0.04   0.952337   0.301704   0.458237
      0.05   0.952337   0.303614   0.460437
      0.06   0.952254   0.308043   0.465501
      0.07   0.952087   0.311488   0.469404
      0.08   0.951754   0.319215   0.478082
      0.09   0.951337   0.324658   0.484108
       0.1   0.945755   0.335259   0.495034
      0.11   0.937255   0.349362   0.508996
      0.12   0.930589   0.360391   0.519568
      0.13    0.92009   0.383822   0.541679
      0.14   0.910507   0.398477   0.554348
      0.15   0.890342   0.426978   0.577166
      0.16   0.880843   0.451332   0.596848
      0.17   0.865845    0.49193   0.627402
      0.18   0.856012   0.518763   0.646021
      0.19   0.833597   0.563848   0.672688
       0.2   0.811266   0.590049   0.683196
      0.21   0.774269   0.639599    0.70052
      0.22    0.72419   0.692544   0.708013
      0.23    0.67836   0.735114   0.705598
      0.24   0.626614   0.800627   0.703013
      0.25   0.587201   0.843146   0.692274
      0.26   0.541538   0.892067   0.673949
      0.27   0.507124   0.914181   0.652363
      0.28   0.454629    0.93319   0.611398
      0.29   0.415965    0.94822    0.57826
       0.3   0.382135   0.969466   0.548189
      0.31   0.350804    0.98046   0.516726
      0.32   0.330639   0.980843   0.494563
      0.33   0.295892   0.987879   0.455386
      0.34   0.280477   0.989726   0.437088
      0.35   0.235647   0.991266   0.380775
      0.36   0.207983   0.990074   0.343754
      0.37   0.175152   0.990964   0.297688
      0.38    0.15732   0.989437   0.271476
      0.39   0.123573   0.991228   0.219751
       0.4   0.108158   0.990099   0.195012
      0.41  0.0864928   0.993939   0.159137
      0.42  0.0689943   0.992593    0.12902
      0.43  0.0592451   0.991525   0.111809
      0.44   0.055412   0.990991   0.104955
      0.45  0.0530789          1   0.100807
      0.46  0.0461628          1  0.0882517
      0.47  0.0439963          1  0.0842845
      0.48    0.04008          1   0.077071
      0.49  0.0339972          1  0.0657587
       0.5  0.0339138          1  0.0656028
      0.51  0.0314974          1  0.0610712
      0.52  0.0309974          1  0.0601309
      0.53  0.0302475          1  0.0587189
      0.54  0.0279143          1  0.0543126
      0.55  0.0269144          1   0.052418
      0.56  0.0256645          1  0.0500447
      0.57  0.0252479          1  0.0492523
      0.58  0.0241647          1   0.047189
      0.59  0.0233314          1  0.0455989
       0.6  0.0222481          1  0.0435279
      0.61  0.0202483          1  0.0396929
      0.62  0.0197484          1  0.0387318
      0.63   0.019665          1  0.0385715
      0.64  0.0183318          1  0.0360036
      0.65   0.016332          1  0.0321391
      0.66   0.016332          1  0.0321391
      0.67  0.0145821          1  0.0287451
      0.68  0.0145821          1  0.0287451
      0.69  0.0143321          1  0.0282593
       0.7  0.0126656          1  0.0250144
      0.71   0.012249          1  0.0242015
      0.72  0.0107491          1  0.0212696
      0.73 0.00949921          1  0.0188196
      0.74 0.00949921          1  0.0188196
      0.75 0.00924923          1  0.0183289
      0.76 0.00924923          1  0.0183289
      0.77 0.00558287          1  0.0111037
      0.78 0.00558287          1  0.0111037
      0.79 0.00508291          1  0.0101144
       0.8 0.00383301          1 0.00763676
      0.81 0.00333306          1 0.00664397
      0.82 0.00333306          1 0.00664397
      0.83 0.00333306          1 0.00664397
      0.84 0.00333306          1 0.00664397
      0.85 0.00308308          1  0.0061472
      0.86          0          0          0
      0.87          0          0          0
      0.88          0          0          0
      0.89          0          0          0
       0.9          0          0          0
      0.91          0          0          0
      0.92          0          0          0
      0.93          0          0          0
      0.94          0          0          0
      0.95          0          0          0
      0.96          0          0          0
      0.97          0          0          0
      0.98          0          0          0
      0.99          0          0          0
