         0          1   0.214804   0.353644
      0.01   0.949466    0.46403   0.623392
      0.02   0.949466   0.464877   0.624156
      0.03   0.949466    0.46919   0.628031
      0.04   0.949466    0.48819   0.644827
      0.05   0.949317   0.499426   0.654517
      0.06   0.949317   0.515464   0.668139
      0.07   0.948869   0.523873    0.67505
      0.08   0.946928   0.537549   0.685791
      0.09   0.940584   0.546372   0.691222
       0.1   0.935508   0.565764   0.705105
      0.11   0.920281   0.587688   0.717306
      0.12   0.903262    0.60664   0.725815
      0.13   0.870419   0.626619   0.728667
      0.14    0.86064   0.642773    0.73592
      0.15   0.843995   0.659792   0.740612
      0.16   0.838919   0.668208   0.743895
      0.17   0.827797   0.682419   0.748111
      0.18   0.823319   0.688511   0.749905
      0.19    0.81257   0.695779   0.749653
       0.2   0.803762   0.697679   0.746973
      0.21   0.790177   0.706106    0.74578
      0.22   0.783758   0.711347   0.745799
      0.23   0.776517    0.71708   0.745616
      0.24   0.766664   0.721519   0.743407
      0.25   0.761588   0.724383    0.74252
      0.26   0.743599   0.729167   0.736312
      0.27   0.730238   0.732429   0.731332
      0.28   0.712548    0.74007   0.726048
      0.29   0.699784   0.741926   0.720239
       0.3   0.680749   0.747137     0.7124
      0.31   0.659999   0.756811   0.705097
      0.32   0.646339   0.763675   0.700125
      0.33   0.626782   0.776655   0.693716
      0.34   0.609465   0.785686   0.686446
      0.35   0.588117    0.79862   0.677391
      0.36    0.56856   0.802363   0.665525
      0.37   0.534597   0.804656   0.642398
      0.38   0.498395   0.807566   0.616384
      0.39   0.462566    0.81362   0.589809
       0.4    0.44816   0.821926   0.580046
      0.41   0.417929   0.830228   0.555982
      0.42   0.388371   0.841014   0.531363
      0.43   0.374338   0.848903   0.519565
      0.44   0.355154   0.857269   0.502238
      0.45   0.343958   0.867537   0.492608
      0.46   0.321714   0.873992   0.470308
      0.47   0.316563   0.876955   0.465199
      0.48   0.305665   0.890365   0.455095
      0.49    0.30365   0.899314   0.454006
       0.5     0.2932   0.908201    0.44329
      0.51   0.283646   0.911917   0.432702
      0.52   0.276778   0.916442   0.425154
      0.53   0.267747   0.924609   0.415247
      0.54   0.263268   0.931034   0.410468
      0.55   0.254161   0.940989   0.400223
      0.56   0.250504   0.945274   0.396051
      0.57    0.24498   0.953405     0.3898
      0.58   0.236844   0.954286     0.3795
      0.59   0.221766   0.958763   0.360213
       0.6   0.212361   0.960613   0.347828
      0.61   0.198253   0.975186   0.329517
      0.62   0.184817    0.99162   0.311566
      0.63   0.171755   0.996933   0.293026
      0.64   0.156602          1   0.270797
      0.65   0.146227          1   0.255145
      0.66   0.127939          1   0.226855
      0.67   0.121072          1   0.215993
      0.68  0.0935284          1   0.171058
      0.69  0.0897962          1   0.164795
       0.7  0.0794208          1   0.147154
      0.71  0.0718818          1   0.134123
      0.72  0.0681496          1   0.127603
      0.73  0.0582966          1   0.110171
      0.74  0.0573263          1   0.108436
      0.75  0.0546391          1   0.103617
      0.76  0.0461297          1  0.0881912
      0.77  0.0399343          1  0.0768016
      0.78  0.0363514          1  0.0701527
      0.79  0.0359036          1  0.0693183
       0.8   0.035605          1  0.0687617
      0.81  0.0306039          1  0.0593902
      0.82  0.0297828          1  0.0578429
      0.83  0.0287378          1    0.05587
      0.84  0.0222438          1  0.0435195
      0.85  0.0222438          1  0.0435195
      0.86   0.021572          1  0.0422329
      0.87  0.0210495          1  0.0412311
      0.88  0.0185863          1  0.0364942
      0.89  0.0185863          1  0.0364942
       0.9  0.0179891          1  0.0353424
      0.91  0.0179891          1  0.0353424
      0.92  0.0169441          1  0.0333235
      0.93   0.016123          1  0.0317344
      0.94  0.0156005          1  0.0307217
      0.95  0.0135105          1  0.0266608
      0.96  0.0130626          1  0.0257884
      0.97  0.0124655          1   0.024624
      0.98  0.0103008          1  0.0203916
      0.99          0          0          0
