         0          1   0.406617   0.578148
      0.01   0.877834   0.588185   0.704396
      0.02   0.877834   0.588173   0.704387
      0.03   0.877834   0.588339   0.704506
      0.04   0.877834   0.588834   0.704861
      0.05   0.877834   0.589561   0.705382
      0.06   0.877517   0.591498   0.706664
      0.07   0.877121   0.591839   0.706778
      0.08   0.874544   0.591673   0.705822
      0.09    0.86844   0.591713   0.703854
       0.1   0.852664   0.589562   0.697114
      0.11   0.827691    0.58822   0.687705
      0.12   0.805771   0.586266   0.678712
      0.13    0.77196   0.585705   0.666056
      0.14   0.760187   0.588313   0.663297
      0.15   0.733709   0.593708   0.656326
      0.16   0.717734   0.596859    0.65174
      0.17   0.693555   0.600228   0.643525
      0.18   0.672309   0.602047   0.635241
      0.19   0.647416   0.604366    0.62515
       0.2   0.626883   0.604512   0.615494
      0.21   0.590772   0.611055   0.600742
      0.22   0.563461    0.61498   0.588094
      0.23   0.544197   0.618935   0.579165
      0.24   0.514785   0.622522   0.563551
      0.25   0.492508   0.626479   0.551474
      0.26    0.46928   0.631629   0.538484
      0.27   0.450571   0.636124   0.527506
      0.28   0.429126   0.637623   0.512999
      0.29   0.408514   0.641229   0.499077
       0.3   0.384652   0.647981   0.482741
      0.31   0.352347   0.648729   0.456664
      0.32   0.338116   0.650257   0.444898
      0.33   0.312312   0.659368   0.423861
      0.34   0.295664   0.667057   0.409723
      0.35   0.279332   0.672377   0.394693
      0.36   0.265974   0.676011    0.38175
      0.37   0.248137   0.677887   0.363293
      0.38   0.224552   0.677179   0.337267
      0.39   0.203385   0.683181   0.313454
       0.4   0.194427   0.693286   0.303687
      0.41   0.174806   0.709704   0.280518
      0.42    0.15459   0.718511   0.254437
      0.43   0.144284   0.722698   0.240544
      0.44   0.122324   0.783858   0.211624
      0.45   0.112098    0.78882     0.1963
      0.46  0.0914064     0.8119   0.164314
      0.47  0.0816553   0.808102   0.148323
      0.48  0.0707151   0.832924   0.130362
      0.49  0.0656414   0.831522   0.121677
       0.5  0.0561281   0.822368   0.105084
      0.51  0.0422546   0.812245  0.0803303
      0.52  0.0345251   0.826291  0.0662808
      0.53  0.0305216   0.836957  0.0588955
      0.54  0.0253686   0.850932  0.0492684
      0.55  0.0214048    0.88806   0.041802
      0.56  0.0203742   0.931034  0.0398758
      0.57   0.017877          1   0.035126
      0.58  0.0147852          1  0.0291395
      0.59   0.011733          1  0.0231939
       0.6 0.00891866          1  0.0176796
      0.61 0.00772951          1  0.0153404
      0.62 0.00602505          1  0.0119779
      0.63  0.0041224          1 0.00821096
      0.64 0.00241795          1 0.00482423
      0.65 0.00170446          1 0.00340311
      0.66          0          0          0
      0.67          0          0          0
      0.68          0          0          0
      0.69          0          0          0
       0.7          0          0          0
      0.71          0          0          0
      0.72          0          0          0
      0.73          0          0          0
      0.74          0          0          0
      0.75          0          0          0
      0.76          0          0          0
      0.77          0          0          0
      0.78          0          0          0
      0.79          0          0          0
       0.8          0          0          0
      0.81          0          0          0
      0.82          0          0          0
      0.83          0          0          0
      0.84          0          0          0
      0.85          0          0          0
      0.86          0          0          0
      0.87          0          0          0
      0.88          0          0          0
      0.89          0          0          0
       0.9          0          0          0
      0.91          0          0          0
      0.92          0          0          0
      0.93          0          0          0
      0.94          0          0          0
      0.95          0          0          0
      0.96          0          0          0
      0.97          0          0          0
      0.98          0          0          0
      0.99          0          0          0
