         0          1   0.364376   0.534128
      0.01   0.957472   0.398966   0.563238
      0.02   0.957472   0.398966   0.563238
      0.03   0.957472   0.399039   0.563311
      0.04   0.957369   0.399199   0.563452
      0.05   0.957265   0.399491   0.563725
      0.06    0.95711   0.401236   0.565433
      0.07   0.956954   0.402877   0.567033
      0.08   0.955038   0.405442   0.569229
      0.09   0.954002    0.40734   0.570912
       0.1   0.951981   0.410781   0.573917
      0.11   0.947941   0.415665   0.577917
      0.12   0.943383   0.419779    0.58102
      0.13   0.935405   0.426335   0.585715
      0.14   0.929656   0.431048   0.588998
      0.15   0.914685   0.438456   0.592767
      0.16   0.902979   0.443864   0.595169
      0.17   0.880497   0.452915    0.59815
      0.18   0.860969   0.458976   0.598758
      0.19   0.834292    0.46989   0.601182
       0.2   0.816213   0.476197   0.601478
      0.21   0.791608   0.485706   0.602027
      0.22   0.767003   0.496524   0.602813
      0.23   0.745144   0.505655   0.602472
      0.24   0.717068   0.521809   0.604051
      0.25   0.703548   0.531197   0.605344
      0.26   0.687956   0.546089   0.608868
      0.27   0.670293   0.555375   0.607447
      0.28   0.639575   0.569374   0.602436
      0.29   0.608858   0.581522   0.594876
       0.3   0.579384     0.6016   0.590283
      0.31   0.551153   0.623154   0.584946
      0.32   0.533074   0.638314   0.580967
      0.33    0.50821   0.662498   0.575187
      0.34   0.491893   0.679585   0.570703
      0.35   0.469308    0.70113   0.562261
      0.36   0.450401   0.717621   0.553444
      0.37   0.435069   0.742684   0.548703
      0.38   0.415436   0.760083   0.537237
      0.39   0.403263   0.785571   0.532946
       0.4   0.387257   0.800743   0.522043
      0.41   0.371821   0.825324   0.512674
      0.42   0.353587   0.839827   0.497651
      0.43   0.346283   0.847452   0.491664
      0.44   0.325719   0.855843   0.471857
      0.45   0.317016   0.862564   0.463634
      0.46   0.298783   0.872647   0.445151
      0.47   0.286661   0.880407     0.4325
      0.48   0.262005   0.889503    0.40478
      0.49   0.255685   0.896167   0.397858
       0.5   0.246568   0.905113   0.387559
      0.51   0.238539   0.911212   0.378099
      0.52   0.231339   0.916007   0.369388
      0.53   0.220098   0.921699   0.355342
      0.54   0.213779   0.926108   0.347372
      0.55   0.201191   0.933955   0.331065
      0.56   0.190003     0.9399   0.316104
      0.57   0.176535    0.94781   0.297633
      0.58   0.167988   0.950298   0.285505
      0.59   0.156902   0.958561   0.269665
       0.6    0.14934   0.963658   0.258603
      0.61      0.141   0.973753   0.246331
      0.62   0.131572   0.980938   0.232023
      0.63   0.122145    0.98254   0.217278
      0.64   0.110075   0.987633   0.198074
      0.65   0.102616   0.990458   0.185965
      0.66  0.0958301   0.997868   0.174867
      0.67  0.0893033          1   0.163964
      0.68  0.0777519          1   0.144285
      0.69  0.0743849          1    0.13847
       0.7  0.0710179          1   0.132618
      0.71  0.0656825          1   0.123268
      0.72  0.0616421          1   0.116126
      0.73  0.0550117          1   0.104286
      0.74  0.0521627          1  0.0991532
      0.75  0.0464646          1  0.0888031
      0.76  0.0428386          1  0.0821578
      0.77  0.0401968          1   0.077287
      0.78  0.0382802          1  0.0737378
      0.79   0.037037          1  0.0714286
       0.8  0.0352758          1  0.0681477
      0.81  0.0302512          1  0.0587259
      0.82  0.0270396          1  0.0526555
      0.83  0.0210826          1  0.0412946
      0.84  0.0192178          1  0.0377109
      0.85  0.0166796          1  0.0328119
      0.86  0.0155918          1  0.0307049
      0.87  0.0153328          1  0.0302025
      0.88  0.0125356          1  0.0247608
      0.89  0.0117586          1  0.0232439
       0.9  0.0106708          1  0.0211163
      0.91 0.00984201          1  0.0194922
      0.92 0.00890961          1  0.0176619
      0.93 0.00730381          1  0.0145017
      0.94  0.0034188          1 0.00681431
      0.95  0.0023828          1 0.00475428
      0.96          0          0          0
      0.97          0          0          0
      0.98          0          0          0
      0.99          0          0          0
