         0          1   0.374026   0.544424
      0.01   0.745755   0.334555   0.461897
      0.02   0.745755   0.334644   0.461982
      0.03   0.745755   0.334762   0.462095
      0.04   0.745755   0.335474   0.462772
      0.05   0.745755   0.336532   0.463778
      0.06   0.745755   0.338871   0.465994
      0.07   0.745755   0.341419   0.468398
      0.08   0.745457   0.345952   0.472586
      0.09   0.744861   0.349742   0.475988
       0.1   0.744146   0.356473   0.482034
      0.11   0.742418     0.3632   0.487775
      0.12   0.738009   0.367725   0.490868
      0.13   0.734195   0.374312   0.495835
      0.14    0.73068   0.380171   0.500127
      0.15   0.718346   0.389924   0.505473
      0.16   0.714056   0.398977    0.51192
      0.17   0.701424   0.409707   0.517271
      0.18   0.695346   0.418997   0.522905
      0.19   0.682595   0.435423   0.531687
       0.2   0.667521   0.444546    0.53368
      0.21    0.64607   0.459531   0.537064
      0.22    0.62891   0.477353    0.54275
      0.23   0.618364   0.489594   0.546496
      0.24   0.600727   0.507236   0.550037
      0.25    0.58601   0.520057   0.551067
      0.26   0.560984   0.542156   0.551409
      0.27   0.548889   0.557544   0.553182
      0.28   0.522672   0.581234     0.5504
      0.29    0.51284   0.601091    0.55347
       0.3   0.497051   0.628816   0.555223
      0.31   0.479592   0.653789   0.553304
      0.32   0.468033    0.67505   0.552796
      0.33   0.445034   0.698016    0.54353
      0.34   0.425311   0.711598    0.53241
      0.35   0.396532   0.729272    0.51373
      0.36   0.376154   0.737128    0.49812
      0.37   0.343622   0.754077    0.47211
      0.38   0.320026   0.764421    0.45117
      0.39   0.290413   0.781636   0.423483
       0.4    0.26938      0.792   0.402022
      0.41   0.241911   0.807314   0.372272
      0.42    0.21635   0.820675   0.342428
      0.43   0.202824   0.839585    0.32672
      0.44   0.181553   0.860927   0.299869
      0.45   0.172913   0.869472    0.28846
      0.46    0.15766    0.87852   0.267342
      0.47   0.149914   0.883882   0.256348
      0.48   0.142883   0.885338   0.246055
      0.49   0.136269   0.900402   0.236713
       0.5   0.128165   0.911929   0.224744
      0.51   0.115831   0.917167   0.205686
      0.52   0.112852    0.92375   0.201133
      0.53   0.106417   0.922764   0.190827
      0.54   0.100995   0.922173   0.182052
      0.55  0.0890186   0.928687   0.162464
      0.56  0.0847882   0.934122   0.155465
      0.57  0.0816302   0.952641   0.150375
      0.58  0.0809748   0.956439   0.149309
      0.59  0.0800215   0.964143   0.147778
       0.6  0.0778764   0.966245   0.144136
      0.61  0.0741822    0.96875   0.137811
      0.62  0.0712626   0.985748   0.132916
      0.63   0.069058    0.99022   0.129112
      0.64  0.0664363   0.994819   0.124555
      0.65  0.0657808   0.997361   0.123421
      0.66   0.065185    0.99726   0.122371
      0.67  0.0647679   0.997222   0.121636
      0.68  0.0636954          1   0.119762
      0.69  0.0635167          1   0.119446
       0.7  0.0619079          1   0.116597
      0.71   0.056307          1   0.106611
      0.72  0.0542811          1   0.102973
      0.73  0.0476077          1  0.0908884
      0.74  0.0429006          1  0.0822716
      0.75  0.0358696          1  0.0692551
      0.76  0.0311029          1  0.0603294
      0.77  0.0228207          1  0.0446231
      0.78  0.0179348          1  0.0352376
      0.79 0.00911637          1   0.018068
       0.8 0.00875886          1  0.0173656
      0.81 0.00863969          1  0.0171314
      0.82 0.00387297          1 0.00771605
      0.83          0          0          0
      0.84          0          0          0
      0.85          0          0          0
      0.86          0          0          0
      0.87          0          0          0
      0.88          0          0          0
      0.89          0          0          0
       0.9          0          0          0
      0.91          0          0          0
      0.92          0          0          0
      0.93          0          0          0
      0.94          0          0          0
      0.95          0          0          0
      0.96          0          0          0
      0.97          0          0          0
      0.98          0          0          0
      0.99          0          0          0
