         0          1   0.176767   0.300428
      0.01   0.973986   0.244346   0.390681
      0.02   0.973986   0.244361   0.390701
      0.03   0.973986   0.244532   0.390918
      0.04   0.973986   0.245434   0.392071
      0.05   0.973986   0.246548   0.393491
      0.06   0.973986    0.24945   0.397178
      0.07   0.973986   0.251762   0.400103
      0.08   0.973897   0.256913   0.406572
      0.09   0.973317   0.260881   0.411474
       0.1   0.970684   0.266244   0.417872
      0.11   0.968765   0.273205   0.426212
      0.12   0.951854    0.27653   0.428557
      0.13   0.943555   0.285125   0.437918
      0.14   0.939405   0.291595   0.445046
      0.15   0.937218    0.30114    0.45582
      0.16   0.936594    0.30882   0.464486
      0.17   0.930079   0.320216    0.47641
      0.18   0.929365   0.328898   0.485854
      0.19   0.925617   0.343089   0.500619
       0.2   0.922315    0.35289   0.510468
      0.21   0.913569   0.365988   0.522611
      0.22   0.910803   0.382527   0.538774
      0.23    0.90353   0.394007   0.548727
      0.24   0.900228   0.412033    0.56532
      0.25   0.898264   0.423351    0.57548
      0.26   0.895096   0.440464     0.5904
      0.27   0.892642   0.451779   0.599926
      0.28   0.889786   0.465232   0.610998
      0.29   0.886484   0.474886   0.618463
       0.3   0.878676   0.489586   0.628809
      0.31   0.862924   0.503587    0.63601
      0.32   0.856678   0.513608   0.642196
      0.33   0.846459   0.531047   0.652642
      0.34   0.842711   0.542603    0.66015
      0.35   0.836197   0.561591    0.67192
      0.36    0.83343   0.574931   0.680457
      0.37    0.81576    0.58943   0.684368
      0.38   0.807818   0.598978   0.687897
      0.39   0.799607   0.616955   0.696506
       0.4   0.793673   0.625858   0.699846
      0.41    0.78341   0.640995   0.705083
      0.42   0.778279   0.655414   0.711582
      0.43   0.775914   0.666581   0.717104
      0.44   0.768685   0.678956    0.72104
      0.45   0.765963    0.69235   0.727299
      0.46   0.755656   0.706582   0.730295
      0.47   0.748784   0.716325   0.732195
      0.48   0.743296   0.733292    0.73826
      0.49   0.739905   0.746307   0.743092
       0.5   0.733078   0.758403   0.745525
      0.51   0.728169   0.773826   0.750304
      0.52   0.727098   0.782301    0.75369
      0.53   0.722368   0.798895   0.758707
      0.54   0.717683   0.803855   0.758329
      0.55   0.713221   0.818146   0.762089
      0.56   0.706662    0.82473   0.761144
      0.57   0.703895   0.838602   0.765367
      0.58   0.697202   0.846154    0.76449
      0.59   0.688635   0.860652   0.765094
       0.6   0.682031   0.867837   0.763797
      0.61    0.67681   0.876967   0.763997
      0.62   0.665521   0.884008   0.759361
      0.63   0.659185   0.889784    0.75732
      0.64   0.648476   0.898225   0.753187
      0.65   0.641337    0.90563   0.750907
      0.66    0.62978   0.917038   0.746736
      0.67    0.62273   0.920662    0.74294
      0.68   0.616171   0.929082   0.740944
      0.69   0.599884    0.93059   0.729507
       0.7   0.595243   0.936709   0.727921
      0.71   0.585204   0.941215   0.721693
      0.72   0.580385   0.950168   0.720606
      0.73    0.57271   0.959554   0.717299
      0.74   0.563964   0.960424   0.710639
      0.75   0.558074    0.96657   0.707598
      0.76   0.548168   0.976917   0.702275
      0.77   0.537236   0.987626   0.695916
      0.78   0.530008   0.990514   0.690526
      0.79   0.524341   0.992689   0.686219
       0.8   0.518451     0.9975   0.682284
      0.81   0.503235          1   0.669536
      0.82   0.492392          1    0.65987
      0.83   0.481728          1   0.650224
      0.84   0.461916          1   0.631932
      0.85    0.44679          1   0.617629
      0.86   0.410914          1   0.582479
      0.87   0.373879          1   0.544268
      0.88   0.321494          1   0.486561
      0.89   0.287404          1   0.446486
       0.9   0.252555          1   0.403263
      0.91   0.216947          1   0.356543
      0.92   0.192093          1   0.322279
      0.93   0.159029          1   0.274418
      0.94   0.133327          1   0.235285
      0.95  0.0887511          1   0.163033
      0.96  0.0601937          1   0.113552
      0.97  0.0386864          1  0.0744909
      0.98  0.0375262          1  0.0723379
      0.99  0.0322163          1  0.0624216
