         0          1   0.361785    0.53134
      0.01   0.965003   0.382162   0.547502
      0.02   0.965003   0.382176   0.547516
      0.03   0.965003   0.382291   0.547634
      0.04   0.965003   0.382722   0.548076
      0.05   0.965003   0.383986   0.549371
      0.06   0.965003   0.386679   0.552122
      0.07   0.965003   0.389823   0.555319
      0.08   0.964878   0.396714   0.562254
      0.09   0.964816   0.402152   0.567683
       0.1   0.962913   0.412043   0.577126
      0.11   0.960543   0.422479   0.586844
      0.12   0.957236   0.429594    0.59304
      0.13       0.95   0.442314   0.603597
      0.14   0.943762    0.45002   0.609438
      0.15   0.928166    0.46358    0.61833
      0.16   0.915627   0.473357   0.624079
      0.17   0.897505   0.490496   0.634326
      0.18   0.884404   0.498663   0.637742
      0.19   0.861884   0.516755    0.64612
       0.2   0.850218    0.52871   0.651983
      0.21   0.829507   0.546455   0.658868
      0.22    0.79554   0.565971   0.661401
      0.23   0.780131   0.578405   0.664291
      0.24    0.75418   0.594429   0.664843
      0.25   0.736837   0.606409   0.665291
      0.26   0.717405   0.627168   0.669259
      0.27   0.702402   0.640607   0.670083
      0.28    0.67146   0.657564   0.664439
      0.29   0.652246   0.670227   0.661114
       0.3   0.620774   0.693417   0.655088
      0.31   0.598222   0.719649   0.653341
      0.32   0.582938   0.734552   0.650021
      0.33   0.556706   0.756928   0.641558
      0.34   0.542857   0.772064   0.637484
      0.35   0.522895   0.789648   0.629165
      0.36   0.509482   0.803794    0.62366
      0.37   0.486338   0.822595   0.611275
      0.38   0.468902   0.835151   0.600595
      0.39   0.444354   0.843239   0.582011
       0.4   0.427698   0.848296   0.568678
      0.41   0.408079   0.853601   0.552179
      0.42   0.391142   0.868076   0.539288
      0.43   0.378415   0.873339   0.528035
      0.44   0.359732    0.88146   0.510943
      0.45   0.349127   0.885035   0.500727
      0.46   0.330973   0.897271   0.483573
      0.47   0.319775   0.905968   0.472703
      0.48    0.30078   0.917426   0.453032
      0.49    0.29398   0.923321   0.445967
       0.5   0.279632   0.934381   0.430445
      0.51    0.26441   0.942773   0.412993
      0.52   0.256145   0.949242   0.403428
      0.53   0.246195   0.966427   0.392421
      0.54   0.243075   0.973466   0.389014
      0.55   0.237305   0.975904   0.381776
      0.56    0.23247    0.97695   0.375572
      0.57   0.224672   0.977695   0.365381
      0.58   0.220087    0.97799   0.359314
      0.59    0.21073   0.978593   0.346784
       0.6   0.202651   0.979679   0.335834
      0.61    0.19607   0.979615   0.326742
      0.62   0.188147   0.978313   0.315599
      0.63   0.183157     0.9775   0.308507
      0.64   0.175577   0.976253   0.297627
      0.65   0.168497   0.976776   0.287414
      0.66   0.161978    0.97711   0.277889
      0.67   0.157112   0.977712    0.27072
      0.68   0.152152       0.98   0.263408
      0.69   0.148191   0.980952   0.257484
       0.7   0.141984    0.98145   0.248079
      0.71    0.13587   0.980036   0.238654
      0.72   0.131503   0.980952   0.231917
      0.73   0.123051   0.983968   0.218746
      0.74   0.121803   0.985597   0.216812
      0.75   0.117966   0.991266   0.210841
      0.76   0.116126   0.997738   0.208039
      0.77   0.114317   0.997613   0.205128
      0.78   0.112664   0.997555   0.202462
      0.79   0.107049          1   0.193396
       0.8   0.104117          1   0.188598
      0.81  0.0956956          1   0.174675
      0.82   0.086806          1   0.159745
      0.83   0.082907          1   0.153119
      0.84    0.07801          1    0.14473
      0.85  0.0717093          1   0.133822
      0.86  0.0693699          1    0.12974
      0.87  0.0670306          1   0.125639
      0.88  0.0616032          1   0.116057
      0.89  0.0599189          1   0.113063
       0.9  0.0553961          1   0.104977
      0.91  0.0433874          1  0.0831664
      0.92   0.037617          1  0.0725065
      0.93  0.0301622          1  0.0585581
      0.94  0.0274173          1  0.0533714
      0.95  0.0213974          1  0.0418982
      0.96   0.014005          1  0.0276231
      0.97  0.0119464          1  0.0236106
      0.98 0.00885839          1  0.0175612
      0.99 0.00595758          1  0.0118446
