         0          1   0.298178   0.459379
      0.01    0.93572   0.299648   0.453933
      0.02    0.93572   0.299687   0.453977
      0.03    0.93572   0.299883   0.454201
      0.04    0.93572   0.301078   0.455571
      0.05    0.93572   0.303165   0.457956
      0.06    0.93572   0.307486   0.462869
      0.07   0.935402   0.311859   0.467767
      0.08    0.93519    0.32214   0.479209
      0.09   0.934765    0.32987   0.487652
       0.1   0.932962   0.342828   0.501408
      0.11   0.927499   0.359277   0.517929
      0.12   0.923734   0.371353   0.529743
      0.13   0.915248   0.391207   0.548127
      0.14   0.906126   0.405407   0.560184
      0.15   0.891222   0.425638   0.576125
      0.16   0.886396   0.438848   0.587051
      0.17   0.875206   0.458283   0.601568
      0.18   0.862795    0.46869   0.607417
      0.19    0.83633   0.483178   0.612496
       0.2   0.826253   0.495385   0.619403
      0.21   0.812941   0.510089   0.626852
      0.22   0.789234   0.521359   0.627921
      0.23   0.772474    0.52623   0.626007
      0.24   0.741713   0.532232    0.61975
      0.25   0.726386   0.536574   0.617216
      0.26   0.705171   0.543236   0.613701
      0.27   0.691276   0.546606   0.610487
      0.28   0.667515   0.551928   0.604243
      0.29    0.65065   0.556554   0.599935
       0.3    0.62376    0.55943   0.589846
      0.31   0.603235   0.566029    0.58404
      0.32   0.585309   0.569916    0.57751
      0.33   0.552426   0.576951   0.564422
      0.34   0.537947   0.582249   0.559222
      0.35   0.516256    0.59942   0.554738
      0.36   0.498488    0.61205   0.549463
      0.37   0.467303   0.625589   0.534984
      0.38   0.448316   0.637816   0.526535
      0.39   0.416813   0.659328   0.510744
       0.4   0.399098   0.680309   0.503073
      0.41   0.375338   0.697188   0.487972
      0.42   0.355662   0.725355   0.477293
      0.43   0.339273   0.744328   0.466095
      0.44   0.328931   0.776386   0.462089
      0.45   0.318589    0.79276   0.454519
      0.46   0.298701     0.8059   0.435855
      0.47   0.287934   0.820743    0.42631
      0.48   0.270326   0.830657   0.407905
      0.49   0.259984   0.830536   0.396006
       0.5   0.242111   0.835175   0.375397
      0.51   0.222593   0.844937    0.35236
      0.52   0.216335   0.865585   0.346156
      0.53   0.211138   0.874842   0.340176
      0.54   0.205251    0.88016   0.332876
      0.55   0.202758   0.897759   0.330804
      0.56   0.200318   0.909224   0.328305
      0.57   0.192363   0.927559   0.318643
      0.58   0.188809   0.937294   0.314305
      0.59   0.183187   0.946735   0.306977
       0.6   0.181013    0.95053   0.304113
      0.61   0.170936   0.962264   0.290303
      0.62   0.167966    0.97053   0.286371
      0.63   0.165739   0.974052   0.283277
      0.64   0.162344   0.979253   0.278515
      0.65   0.160276   0.982942   0.275611
      0.66   0.156086   0.993363   0.269781
      0.67   0.155025          1   0.268436
      0.68   0.152002          1   0.263892
      0.69    0.14882          1   0.259083
       0.7   0.142403          1   0.249304
      0.71    0.13694          1   0.240892
      0.72   0.132273          1   0.233641
      0.73   0.127818          1   0.226664
      0.74   0.120605          1   0.215249
      0.75   0.118695          1   0.212203
      0.76    0.11302          1   0.203088
      0.77   0.107505          1   0.194138
      0.78  0.0985415          1   0.179404
      0.79  0.0887298          1   0.162997
       0.8  0.0844338          1    0.15572
      0.81  0.0806683          1   0.149293
      0.82  0.0694776          1   0.129928
      0.83  0.0674092          1   0.126304
      0.84  0.0552108          1   0.104644
      0.85  0.0488995          1  0.0932396
      0.86  0.0391408          1   0.075333
      0.87  0.0347918          1  0.0672441
      0.88  0.0251392          1  0.0490455
      0.89   0.020472          1  0.0401227
       0.9  0.0137894          1  0.0272038
      0.91 0.00620525          1   0.012334
      0.92 0.00487934          1  0.0097113
      0.93 0.00371254          1 0.00739762
      0.94          0          0          0
      0.95          0          0          0
      0.96          0          0          0
      0.97          0          0          0
      0.98          0          0          0
      0.99          0          0          0
