         0          1    0.48887   0.656699
      0.01   0.930248   0.562859   0.701354
      0.02   0.930248   0.562859   0.701354
      0.03   0.930248   0.563025   0.701483
      0.04   0.930248   0.563715   0.702018
      0.05   0.930248   0.564658   0.702749
      0.06   0.930223   0.567519   0.704954
      0.07    0.93015   0.570207   0.707003
      0.08   0.930028   0.576406   0.711712
      0.09    0.92971   0.579914   0.714286
       0.1   0.927974   0.584706   0.717392
      0.11   0.923769   0.589965   0.720062
      0.12   0.921666   0.594367   0.722686
      0.13   0.915872   0.601507   0.726125
      0.14   0.912938   0.608108   0.729978
      0.15   0.904137   0.619318   0.735103
      0.16   0.896973   0.629028   0.739477
      0.17   0.889712   0.644837   0.747736
      0.18   0.881742    0.65243   0.749948
      0.19   0.865948   0.667529   0.753902
       0.2   0.859396   0.681297   0.760053
      0.21   0.844262   0.699959   0.765368
      0.22   0.824605   0.714298   0.765498
      0.23   0.815119   0.722555   0.766051
      0.24   0.794607    0.73606   0.764214
      0.25   0.781796   0.745726   0.763335
      0.26   0.753191    0.75746   0.755319
      0.27   0.738546   0.765205   0.751639
      0.28   0.711065   0.776886    0.74252
      0.29   0.687081   0.782439   0.731666
       0.3   0.650213   0.794061   0.714973
      0.31   0.621754   0.800799   0.700009
      0.32   0.601707   0.806899   0.689357
      0.33   0.572246   0.818468    0.67356
      0.34    0.55166    0.82619   0.661576
      0.35   0.515843    0.84158   0.639628
      0.36   0.495942   0.849157   0.626173
      0.37   0.467557    0.85864   0.605435
      0.38   0.449293   0.862293   0.590769
      0.39   0.421104   0.867445    0.56697
       0.4   0.393526   0.869887   0.541902
      0.41   0.366852   0.872386   0.516506
      0.42   0.336023   0.875049    0.48558
      0.43   0.320718   0.878583   0.469903
      0.44   0.297272   0.886183     0.4452
      0.45   0.281869   0.891838   0.428355
      0.46   0.256393   0.894558   0.398555
      0.47   0.242947   0.895449   0.382198
      0.48   0.214317   0.893266   0.345694
      0.49   0.191727   0.889064   0.315431
       0.5    0.17075   0.888589   0.286455
      0.51   0.152927   0.894519   0.261199
      0.52   0.137768   0.900685   0.238982
      0.53   0.122243   0.906915   0.215447
      0.54   0.104176   0.917169     0.1871
      0.55  0.0933451   0.923077   0.169545
      0.56  0.0891888   0.929856   0.162766
      0.57  0.0809496   0.943038   0.149101
      0.58  0.0723437   0.947368   0.134422
      0.59   0.063371   0.953964   0.118847
       0.6  0.0602905   0.962751   0.113475
      0.61  0.0539582   0.976974   0.102268
      0.62  0.0513178   0.986063  0.0975583
      0.63  0.0501687   0.985612  0.0954775
      0.64  0.0485062   0.984615  0.0924575
      0.65  0.0479928   0.984314  0.0915231
      0.66  0.0458902   0.987288  0.0877038
      0.67  0.0435676   0.986957  0.0834513
      0.68  0.0422473   0.986175  0.0810236
      0.69  0.0412205   0.995215  0.0791622
       0.7  0.0391668          1  0.0753811
      0.71  0.0360863          1  0.0696588
      0.72  0.0339103          1  0.0655963
      0.73  0.0315144          1  0.0611031
      0.74   0.029754          1  0.0577886
      0.75   0.021417          1  0.0419359
      0.76  0.0208547          1  0.0408574
      0.77  0.0181409          1  0.0356354
      0.78  0.0168207          1  0.0330849
      0.79  0.0140091          1  0.0276311
       0.8  0.0104151          1  0.0206156
      0.81 0.00980392          1  0.0194175
      0.82 0.00931495          1   0.018458
      0.83 0.00723681          1  0.0143696
      0.84 0.00709012          1  0.0140804
      0.85 0.00645445          1  0.0128261
      0.86  0.0054765          1  0.0108934
      0.87 0.00520757          1  0.0103612
      0.88 0.00481639          1 0.00958661
      0.89 0.00474304          1 0.00944131
       0.9 0.00344726          1 0.00687084
      0.91 0.00273825          1 0.00546155
      0.92 0.00273825          1 0.00546155
      0.93  0.0018581          1 0.00370931
      0.94          0          0          0
      0.95          0          0          0
      0.96          0          0          0
      0.97          0          0          0
      0.98          0          0          0
      0.99          0          0          0
