         0          1   0.242084   0.389803
      0.01   0.993844    0.25232   0.402462
      0.02   0.993844    0.25232   0.402462
      0.03   0.993844   0.252373    0.40253
      0.04   0.993844   0.253116   0.403473
      0.05   0.993844   0.254676   0.405453
      0.06   0.993844   0.259709   0.411806
      0.07   0.993844   0.264649   0.417991
      0.08   0.993664   0.274884   0.430637
      0.09   0.993545   0.283695   0.441364
       0.1   0.993246    0.29995   0.460756
      0.11   0.991573   0.316387    0.47971
      0.12   0.990855   0.329793   0.494874
      0.13   0.987628   0.350097   0.516945
      0.14   0.984639   0.366231   0.533887
      0.15   0.979439   0.387472   0.555274
      0.16   0.975435   0.401534   0.568888
      0.17   0.963003   0.425758   0.590463
      0.18   0.954695   0.440627   0.602964
      0.19   0.933537   0.461047   0.617251
       0.2   0.920268   0.477737   0.628962
      0.21   0.897974   0.503065   0.644863
      0.22   0.872751   0.528135   0.658056
      0.23   0.858765    0.54293   0.665265
      0.24   0.837607   0.560639   0.671692
      0.25   0.819676   0.572305    0.67401
      0.26   0.792361   0.590561   0.676737
      0.27   0.776284   0.600399   0.677106
      0.28   0.751659   0.617217   0.677836
      0.29   0.723149   0.627144   0.671733
       0.3   0.695236   0.643309   0.668265
      0.31    0.66332   0.658215   0.660758
      0.32   0.645747   0.664814   0.655142
      0.33   0.606838     0.6751   0.639152
      0.34   0.584843   0.685077   0.631004
      0.35   0.548682   0.699414   0.614946
      0.36   0.525731   0.707295   0.603145
      0.37   0.499671   0.722962   0.590927
      0.38   0.482278   0.734715   0.582316
      0.39   0.453888   0.748292   0.565041
       0.4   0.436196    0.75588   0.553173
      0.41   0.412647   0.766874   0.536571
      0.42   0.390533   0.779035   0.520258
      0.43   0.377682    0.78489   0.509971
      0.44   0.346064    0.78629   0.480604
      0.45   0.322993   0.790669   0.458632
      0.46   0.303449   0.792053    0.43879
      0.47   0.294782   0.798747   0.430636
      0.48   0.276732   0.805619   0.411956
      0.49   0.264957    0.80419   0.398591
       0.5   0.253183   0.808492    0.38561
      0.51   0.231785   0.818618   0.361278
      0.52   0.221684   0.823347   0.349316
      0.53   0.206563   0.835214   0.331211
      0.54   0.198912   0.844706      0.322
      0.55   0.185225   0.860825   0.304854
      0.56   0.180742   0.865154   0.299016
      0.57   0.167952   0.875902   0.281858
      0.58   0.154384   0.879815   0.262676
      0.59   0.139681   0.890625   0.241488
       0.6   0.125396   0.915385   0.220576
      0.61   0.107107   0.939914     0.1923
      0.62    0.10107   0.974178   0.183139
      0.63  0.0943757     0.9875   0.172286
      0.64  0.0883988          1   0.162438
      0.65  0.0828402          1   0.153005
      0.66   0.072799          1   0.135718
      0.67  0.0652083          1   0.122433
      0.68  0.0514016          1  0.0977773
      0.69  0.0424362          1  0.0814173
       0.7  0.0389696          1  0.0750158
      0.71  0.0355627          1  0.0686829
      0.72   0.032634          1  0.0632054
      0.73  0.0231905          1  0.0453298
      0.74  0.0199629          1  0.0391444
      0.75  0.0135079          1  0.0266557
      0.76  0.0129699          1  0.0256077
      0.77  0.0104596          1  0.0207027
      0.78 0.00986193          1  0.0195313
      0.79  0.0044827          1 0.00892538
       0.8  0.0044827          1 0.00892538
      0.81 0.00400454          1 0.00797714
      0.82 0.00400454          1 0.00797714
      0.83 0.00352639          1 0.00702799
      0.84 0.00352639          1 0.00702799
      0.85 0.00268962          1 0.00536481
      0.86 0.00251031          1 0.00500805
      0.87 0.00227123          1 0.00453217
      0.88 0.00113562          1 0.00226866
      0.89 0.00113562          1 0.00226866
       0.9          0          0          0
      0.91          0          0          0
      0.92          0          0          0
      0.93          0          0          0
      0.94          0          0          0
      0.95          0          0          0
      0.96          0          0          0
      0.97          0          0          0
      0.98          0          0          0
      0.99          0          0          0
