         0          1   0.319512   0.484288
      0.01   0.910963     0.3002   0.451584
      0.02   0.910963     0.3002   0.451584
      0.03   0.910963   0.300253   0.451644
      0.04   0.910963   0.300285    0.45168
      0.05   0.910751   0.300042    0.45138
      0.06   0.909972   0.300381   0.451667
      0.07   0.908415   0.300773   0.451917
      0.08   0.906434   0.301727   0.452747
      0.09   0.904876   0.302893   0.453863
       0.1   0.899285   0.302539    0.45276
      0.11   0.886262   0.301761   0.450226
      0.12   0.874443   0.302289   0.449269
      0.13   0.847194   0.303292   0.446676
      0.14   0.829712   0.303857   0.444814
      0.15   0.803808   0.304757   0.441952
      0.16   0.777762   0.306215   0.439423
      0.17   0.727086   0.306811   0.431529
      0.18   0.686885   0.308486    0.42576
      0.19   0.641517   0.311796   0.419637
       0.2   0.606129   0.313189   0.412986
      0.21   0.547243   0.316563   0.401102
      0.22   0.496355   0.319303   0.388613
      0.23   0.455234   0.320279   0.376014
      0.24   0.405053    0.32535   0.360853
      0.25   0.371222   0.325392   0.346799
      0.26   0.323731   0.333535    0.32856
      0.27   0.296978   0.339111   0.316649
      0.28   0.258546   0.348126   0.296722
      0.29   0.234341   0.352608   0.281559
       0.3   0.197749   0.359551   0.255162
      0.31    0.16774   0.374517   0.231704
      0.32   0.149904   0.384874   0.215769
      0.33   0.139925   0.408221   0.208413
      0.34   0.124637   0.421888   0.192426
      0.35   0.106731      0.425   0.170615
      0.36  0.0927171   0.422611   0.152071
      0.37  0.0721212   0.424955   0.123314
      0.38  0.0618586   0.429885   0.108154
      0.39  0.0437398   0.421769  0.0792599
       0.4  0.0369453   0.432099  0.0680704
      0.41  0.0310708       0.44   0.058043
      0.42  0.0201713   0.415254  0.0384737
      0.43  0.0141553      0.375  0.0272808
      0.44 0.00566211   0.292683  0.0111093
      0.45  0.0024064       0.25 0.00476691
      0.46 0.000424659        0.4 0.000848416
      0.47 0.000141553          1 0.000283066
      0.48          0          0          0
      0.49          0          0          0
       0.5          0          0          0
      0.51          0          0          0
      0.52          0          0          0
      0.53          0          0          0
      0.54          0          0          0
      0.55          0          0          0
      0.56          0          0          0
      0.57          0          0          0
      0.58          0          0          0
      0.59          0          0          0
       0.6          0          0          0
      0.61          0          0          0
      0.62          0          0          0
      0.63          0          0          0
      0.64          0          0          0
      0.65          0          0          0
      0.66          0          0          0
      0.67          0          0          0
      0.68          0          0          0
      0.69          0          0          0
       0.7          0          0          0
      0.71          0          0          0
      0.72          0          0          0
      0.73          0          0          0
      0.74          0          0          0
      0.75          0          0          0
      0.76          0          0          0
      0.77          0          0          0
      0.78          0          0          0
      0.79          0          0          0
       0.8          0          0          0
      0.81          0          0          0
      0.82          0          0          0
      0.83          0          0          0
      0.84          0          0          0
      0.85          0          0          0
      0.86          0          0          0
      0.87          0          0          0
      0.88          0          0          0
      0.89          0          0          0
       0.9          0          0          0
      0.91          0          0          0
      0.92          0          0          0
      0.93          0          0          0
      0.94          0          0          0
      0.95          0          0          0
      0.96          0          0          0
      0.97          0          0          0
      0.98          0          0          0
      0.99          0          0          0
