         0          1   0.384732   0.555677
      0.01   0.866693   0.433341    0.57779
      0.02   0.866693   0.433341    0.57779
      0.03   0.866693   0.433385    0.57783
      0.04   0.866636   0.434095   0.578448
      0.05   0.866636   0.435671   0.579845
      0.06   0.866579   0.439114   0.582874
      0.07   0.866464   0.444034   0.587165
      0.08   0.865433   0.454243   0.595778
      0.09   0.864001   0.463535   0.603366
       0.1   0.859533   0.478276   0.614578
      0.11   0.849106    0.49501   0.625416
      0.12   0.844466   0.506778   0.633427
      0.13   0.832321   0.524768   0.643695
      0.14    0.82115   0.537753   0.649901
      0.15   0.800011    0.55947   0.658461
      0.16   0.785002   0.571418   0.661394
      0.17   0.751318   0.593261      0.663
      0.18   0.727257   0.607031   0.661727
      0.19   0.698213   0.629207   0.661916
       0.2   0.672033   0.640195   0.655727
      0.21   0.633077   0.654496   0.643609
      0.22   0.591716   0.674451    0.63038
      0.23   0.568401   0.689516   0.623128
      0.24   0.530247    0.70712   0.606042
      0.25   0.505328   0.714756   0.592068
      0.26   0.464769   0.724303   0.566212
      0.27    0.43137   0.732282   0.542919
      0.28   0.390926   0.746579   0.513153
      0.29   0.364803   0.753122    0.49152
       0.3   0.339539   0.755196   0.468458
      0.31   0.306829   0.748753   0.435284
      0.32   0.278013   0.744027   0.404777
      0.33   0.248339   0.741283    0.37204
      0.34   0.228747   0.739449   0.349405
      0.35   0.203655   0.728978   0.318367
      0.36   0.187958   0.722814   0.298338
      0.37   0.167335    0.71371   0.271107
      0.38   0.155133    0.70609   0.254377
      0.39   0.142702   0.694248   0.236741
       0.4   0.133421   0.688113   0.223506
      0.41   0.120818   0.684019   0.205363
      0.42   0.112397   0.689986   0.193305
      0.43   0.109246   0.695461    0.18883
      0.44   0.103116   0.707237    0.17999
      0.45  0.0991063    0.72093   0.174257
      0.46  0.0972159   0.753036   0.172201
      0.47  0.0952681   0.771619   0.169597
      0.48  0.0882218   0.777228   0.158457
      0.49   0.085472   0.799458   0.154433
       0.5  0.0806027   0.845912   0.147181
      0.51  0.0787122   0.877698   0.144468
      0.52  0.0768217   0.889734   0.141432
      0.53  0.0749313   0.891667   0.138245
      0.54  0.0722961   0.897321   0.133811
      0.55  0.0646196   0.896373   0.120549
      0.56  0.0623281   0.906077   0.116633
      0.57  0.0541934   0.924051   0.102382
      0.58  0.0498969   0.972222  0.0949221
      0.59  0.0437672   0.992248  0.0838364
       0.6  0.0433089          1  0.0830222
      0.61   0.039929          1  0.0767917
      0.62  0.0382104          1  0.0736081
      0.63  0.0363199          1   0.070094
      0.64  0.0335701          1  0.0649595
      0.65  0.0332264          1  0.0643158
      0.66  0.0308776          1  0.0599055
      0.67  0.0292163          1  0.0567739
      0.68  0.0270394          1  0.0526551
      0.69  0.0244615          1  0.0477549
       0.7  0.0162122          1  0.0319071
      0.71  0.0146082          1  0.0287957
      0.72  0.0107699          1  0.0213104
      0.73 0.00887947          1  0.0176026
      0.74 0.00819203          1  0.0162509
      0.75  0.0026352          1 0.00525654
      0.76 0.00246334          1 0.00491457
      0.77 0.00206233          1 0.00411617
      0.78 0.00206233          1 0.00411617
      0.79          0          0          0
       0.8          0          0          0
      0.81          0          0          0
      0.82          0          0          0
      0.83          0          0          0
      0.84          0          0          0
      0.85          0          0          0
      0.86          0          0          0
      0.87          0          0          0
      0.88          0          0          0
      0.89          0          0          0
       0.9          0          0          0
      0.91          0          0          0
      0.92          0          0          0
      0.93          0          0          0
      0.94          0          0          0
      0.95          0          0          0
      0.96          0          0          0
      0.97          0          0          0
      0.98          0          0          0
      0.99          0          0          0
