         0          1   0.289124   0.448559
      0.01   0.970665   0.378805   0.544944
      0.02   0.970665   0.378958   0.545103
      0.03   0.970665   0.379443   0.545603
      0.04   0.970665   0.381782   0.548018
      0.05   0.970665   0.384108    0.55041
      0.06   0.970665   0.391299   0.557754
      0.07   0.970665   0.396874   0.563394
      0.08   0.970083   0.405852    0.57228
      0.09   0.970035   0.413698   0.580027
       0.1    0.96892   0.430505   0.596138
      0.11   0.966689   0.450441   0.614533
      0.12   0.965429   0.462505   0.625401
      0.13   0.963441   0.481662   0.642242
      0.14   0.961113   0.494977   0.653433
      0.15   0.958107   0.512727   0.667985
      0.16   0.955343   0.523485   0.676357
      0.17   0.951658   0.539055   0.688256
      0.18     0.9471   0.550943    0.69664
      0.19   0.940167   0.567048   0.707423
       0.2   0.935512    0.57801   0.714539
      0.21   0.926299   0.591941   0.722303
      0.22    0.91219   0.600113   0.723952
      0.23   0.893571    0.60615   0.722318
      0.24   0.875921   0.618889   0.725307
      0.25   0.865303   0.626921   0.727071
      0.26   0.850078   0.642944   0.732143
      0.27   0.835968   0.649811   0.731227
      0.28   0.814585   0.662786   0.730887
      0.29   0.806051   0.671387   0.732582
       0.3   0.788256   0.680587   0.730475
      0.31    0.76988    0.68884   0.727109
      0.32   0.755528   0.694609   0.723789
      0.33   0.737927     0.7042   0.720669
      0.34   0.726872   0.712092   0.719406
      0.35   0.711647   0.720376   0.715985
      0.36   0.701125   0.729456    0.71501
      0.37   0.687064   0.746742   0.715661
      0.38   0.678481   0.759172   0.716562
      0.39    0.66442   0.774124   0.715089
       0.4   0.650407   0.780808   0.709667
      0.41   0.628152   0.790539   0.700052
      0.42   0.609727   0.801964   0.692756
      0.43   0.587568   0.813981   0.682487
      0.44   0.551396   0.824033   0.660694
      0.45   0.531226   0.830592   0.648004
      0.46   0.506109   0.842252   0.632281
      0.47   0.502182   0.850874   0.631598
      0.48   0.487539    0.85859   0.621925
      0.49   0.477841    0.86763   0.616274
       0.5   0.464119   0.877828   0.607203
      0.51   0.453064   0.887208   0.599822
      0.52   0.440846   0.892761   0.590234
      0.53   0.424942   0.901316   0.577575
      0.54   0.412093   0.906863   0.566678
      0.55   0.400116   0.911491   0.556115
      0.56   0.392019   0.916219   0.549098
      0.57   0.369666    0.92631   0.528444
      0.58   0.355605   0.929468   0.514404
      0.59   0.338489   0.935215    0.49707
       0.6   0.323555   0.937876   0.481127
      0.61   0.307021   0.944759   0.463437
      0.62   0.282923   0.945946   0.435571
      0.63   0.258291   0.946128     0.4058
      0.64   0.232884   0.951598   0.374192
      0.65   0.216592   0.952895   0.352958
      0.66   0.188276    0.95719   0.314659
      0.67   0.172663   0.958284   0.292605
      0.68   0.145946   0.964138   0.253517
      0.69   0.123885   0.963526   0.219542
       0.7   0.110357   0.965116   0.198066
      0.71  0.0977017   0.967684   0.177484
      0.72  0.0923681   0.969754   0.168671
      0.73  0.0827192   0.981633   0.152581
      0.74  0.0810221   0.985325   0.149732
      0.75  0.0790341   0.988889    0.14637
      0.76  0.0773371   0.990719   0.143474
      0.77  0.0728278   0.994859    0.13572
      0.78  0.0701125   0.997275   0.131014
      0.79  0.0654577          1   0.122872
       0.8  0.0614333          1   0.115755
      0.81  0.0562452          1     0.1065
      0.82   0.049263          1  0.0939002
      0.83  0.0486327          1  0.0927544
      0.84  0.0461113          1  0.0881576
      0.85  0.0451901          1  0.0864724
      0.86  0.0423293          1  0.0812206
      0.87  0.0418929          1   0.080417
      0.88  0.0394686          1  0.0759399
      0.89  0.0381594          1  0.0735136
       0.9  0.0351047          1  0.0678284
      0.91  0.0318076          1  0.0616541
      0.92  0.0289469          1   0.056265
      0.93  0.0223526          1  0.0437278
      0.94  0.0206071          1   0.040382
      0.95  0.0179403          1  0.0352482
      0.96  0.0165341          1  0.0325304
      0.97  0.0132855          1  0.0262226
      0.98 0.00703064          1  0.0139631
      0.99 0.00470326          1 0.00936248
