         0          1   0.108911   0.196429
      0.01   0.987393   0.192988    0.32287
      0.02   0.987393   0.192988    0.32287
      0.03   0.987393   0.192998   0.322885
      0.04   0.987393    0.19309   0.323013
      0.05   0.987393   0.193418   0.323472
      0.06   0.987393   0.194255   0.324641
      0.07   0.987259   0.195163   0.325901
      0.08   0.987124   0.196914   0.328332
      0.09    0.98699    0.19766    0.32936
       0.1    0.98699   0.199887   0.332446
      0.11    0.98632   0.201196   0.334216
      0.12   0.983235   0.203114   0.336678
      0.13   0.977065   0.206582   0.341055
      0.14    0.97331   0.209575   0.344887
      0.15   0.959764   0.211187   0.346196
      0.16   0.953729   0.213191   0.348483
      0.17   0.932269   0.213394   0.347294
      0.18   0.906921   0.215452   0.348187
      0.19    0.85743   0.215595   0.344554
       0.2     0.8353   0.214355   0.341161
      0.21   0.790236    0.21395   0.336733
      0.22   0.720359   0.212961   0.328737
      0.23   0.686561   0.214543   0.326925
      0.24   0.631035   0.217825   0.323858
      0.25   0.596432   0.220913   0.322409
      0.26   0.554185   0.219489   0.314441
      0.27   0.501475   0.219064   0.304925
      0.28   0.446486   0.219786   0.294568
      0.29   0.398605   0.220106   0.283607
       0.3   0.362393   0.228601   0.280352
      0.31   0.318267   0.231824   0.268253
      0.32   0.276288   0.231318   0.251811
      0.33   0.226395   0.237954    0.23203
      0.34   0.213251   0.242588   0.226975
      0.35     0.1875   0.244082   0.212082
      0.36   0.160139    0.24631    0.19409
      0.37   0.129694   0.240535   0.168522
      0.38   0.124732   0.243842   0.165041
      0.39   0.113332   0.256098   0.157129
       0.4   0.097103   0.258123   0.141119
      0.41  0.0818133     0.2657   0.125105
      0.42  0.0649142   0.227964   0.101053
      0.43  0.0403702   0.202128   0.067299
      0.44  0.0336642        0.2  0.0576283
      0.45  0.0229345   0.192118  0.0409773
      0.46  0.0195815   0.186441  0.0354408
      0.47  0.0171674   0.166667  0.0311284
      0.48   0.011132   0.132867  0.0205428
      0.49  0.0103273   0.116279  0.0189697
       0.5 0.00563305  0.0729167  0.0104582
      0.51 0.00362124  0.0519481 0.00677052
      0.52          0          0          0
      0.53          0          0          0
      0.54          0          0          0
      0.55          0          0          0
      0.56          0          0          0
      0.57          0          0          0
      0.58          0          0          0
      0.59          0          0          0
       0.6          0          0          0
      0.61          0          0          0
      0.62          0          0          0
      0.63          0          0          0
      0.64          0          0          0
      0.65          0          0          0
      0.66          0          0          0
      0.67          0          0          0
      0.68          0          0          0
      0.69          0          0          0
       0.7          0          0          0
      0.71          0          0          0
      0.72          0          0          0
      0.73          0          0          0
      0.74          0          0          0
      0.75          0          0          0
      0.76          0          0          0
      0.77          0          0          0
      0.78          0          0          0
      0.79          0          0          0
       0.8          0          0          0
      0.81          0          0          0
      0.82          0          0          0
      0.83          0          0          0
      0.84          0          0          0
      0.85          0          0          0
      0.86          0          0          0
      0.87          0          0          0
      0.88          0          0          0
      0.89          0          0          0
       0.9          0          0          0
      0.91          0          0          0
      0.92          0          0          0
      0.93          0          0          0
      0.94          0          0          0
      0.95          0          0          0
      0.96          0          0          0
      0.97          0          0          0
      0.98          0          0          0
      0.99          0          0          0
