         0          1   0.354609   0.523559
      0.01   0.953311   0.396456   0.560016
      0.02   0.953311   0.396456   0.560016
      0.03   0.953311   0.396437   0.559997
      0.04   0.953311   0.396603   0.560163
      0.05   0.953311   0.396862   0.560421
      0.06   0.953311   0.397611   0.561168
      0.07   0.953311   0.398459   0.562012
      0.08   0.953311   0.401014   0.564548
      0.09   0.953311    0.40332   0.566829
       0.1    0.95323   0.407189   0.570625
      0.11    0.95315   0.412951   0.576245
      0.12   0.953069      0.417    0.58016
      0.13   0.952465   0.422874   0.585707
      0.14   0.951821   0.427163   0.589685
      0.15   0.950252   0.435297    0.59708
      0.16    0.94844   0.440515   0.601607
      0.17    0.94353   0.449685   0.609082
      0.18   0.941437   0.456962   0.615276
      0.19   0.938177   0.466703   0.623327
       0.2   0.936486   0.473437   0.628924
      0.21   0.930328   0.484464    0.63714
      0.22   0.924532   0.495066   0.644837
      0.23   0.918213   0.501969   0.649092
      0.24   0.908996   0.513367    0.65616
      0.25   0.903321   0.523376   0.662757
      0.26   0.893419   0.538119   0.671677
      0.27   0.888147   0.548447   0.678134
      0.28   0.879936   0.565399   0.688442
      0.29   0.874945   0.577582   0.695825
       0.3   0.867619   0.592483   0.704128
      0.31   0.856631   0.608177   0.711333
      0.32   0.849225   0.619846   0.716628
      0.33   0.840451   0.635629   0.723829
      0.34   0.828658   0.644044   0.724779
      0.35   0.818434   0.659663   0.730522
      0.36   0.810626   0.668987   0.733027
      0.37   0.792272   0.681371   0.732649
      0.38   0.784262   0.690084   0.734165
      0.39   0.772268   0.704336   0.736739
       0.4    0.76132   0.713409   0.736586
      0.41   0.747072   0.725605   0.736182
      0.42   0.734071   0.737268   0.735666
      0.43   0.725458   0.746704   0.735928
      0.44   0.706219   0.756183   0.730347
      0.45   0.686698   0.761451   0.722145
      0.46   0.660898   0.772621   0.712406
      0.47   0.647816     0.7819   0.708571
      0.48   0.623264   0.794016   0.698354
      0.49   0.607849   0.802257   0.691652
       0.5   0.587563   0.811688   0.681676
      0.51   0.568163    0.82119   0.671636
      0.52     0.5548   0.828541   0.664586
      0.53   0.517247   0.833431   0.638331
      0.54   0.495432   0.837698   0.622628
      0.55   0.465446   0.840026   0.598997
      0.56   0.447655   0.844276   0.585085
      0.57   0.423747   0.846324   0.564736
      0.58    0.40648   0.848106   0.549565
      0.59    0.38068   0.849431   0.525744
       0.6   0.362085   0.854167    0.50858
      0.61   0.333709   0.857003   0.480367
      0.62   0.310163   0.857605   0.455565
      0.63   0.287462   0.854913   0.430253
      0.64   0.259408   0.860966   0.398691
      0.65   0.239203   0.865493   0.374815
      0.66   0.215456   0.860447   0.344619
      0.67    0.19831   0.856643   0.322063
      0.68   0.163333   0.843655    0.27368
      0.69   0.149688   0.840402   0.254115
       0.7   0.131254   0.830508   0.226683
      0.71   0.113101   0.825746   0.198952
      0.72   0.103643   0.813953   0.183872
      0.73   0.088871   0.808511    0.16014
      0.74  0.0815858   0.806295   0.148178
      0.75  0.0745824   0.819277   0.136719
      0.76    0.06613   0.835766   0.122562
      0.77  0.0520024   0.834225   0.097902
      0.78  0.0449587   0.823129  0.0852606
      0.79  0.0328034   0.794393  0.0630051
       0.8   0.024834   0.929577  0.0483756
      0.81  0.0185148          1  0.0363565
      0.82  0.0163011          1  0.0320792
      0.83  0.0150533          1  0.0296602
      0.84  0.0114711          1  0.0226821
      0.85 0.00929765          1   0.018424
      0.86 0.00825116          1  0.0163673
      0.87 0.00575569          1  0.0114455
      0.88 0.00309922          1 0.00617928
      0.89 0.00309922          1 0.00617928
       0.9          0          0          0
      0.91          0          0          0
      0.92          0          0          0
      0.93          0          0          0
      0.94          0          0          0
      0.95          0          0          0
      0.96          0          0          0
      0.97          0          0          0
      0.98          0          0          0
      0.99          0          0          0
