         0          1   0.308236   0.471224
      0.01   0.894165   0.442578   0.592093
      0.02   0.894165   0.442578   0.592093
      0.03   0.894165   0.442679   0.592183
      0.04   0.894165   0.443283   0.592723
      0.05   0.894165   0.444337   0.593664
      0.06   0.894165   0.447842   0.596785
      0.07   0.894165   0.451037   0.599615
      0.08   0.894165   0.456563   0.604478
      0.09   0.894014   0.460598   0.607969
       0.1    0.89331   0.467816   0.614057
      0.11   0.891298   0.473272   0.618256
      0.12   0.889588   0.476578   0.620654
      0.13    0.88672   0.480013   0.622853
      0.14   0.885111   0.482891   0.624871
      0.15   0.882193   0.486939   0.627513
      0.16   0.880885   0.489431   0.629245
      0.17   0.878169   0.493707   0.632066
      0.18   0.875855    0.49615   0.633461
      0.19   0.868109   0.500839   0.635207
       0.2   0.864085   0.504432   0.636999
      0.21   0.854678   0.509179   0.638167
      0.22   0.839738   0.515567   0.638884
      0.23   0.834608   0.522922   0.642983
      0.24   0.825201   0.532515    0.64731
      0.25   0.814085   0.537651   0.647602
      0.26   0.788481   0.549415   0.647589
      0.27   0.777867   0.558026   0.649857
      0.28   0.761922   0.573861   0.654653
      0.29   0.744567   0.581641   0.653096
       0.3   0.725252   0.591664   0.651682
      0.31   0.689185   0.605879   0.644853
      0.32   0.671076   0.616286   0.642516
      0.33   0.649245   0.635347   0.642221
      0.34   0.640543   0.644408    0.64247
      0.35   0.621227   0.660221   0.640131
      0.36   0.606489   0.673899    0.63842
      0.37   0.585463   0.690245   0.633551
      0.38   0.574849   0.697481   0.630255
      0.39   0.556891    0.71206   0.624989
       0.4   0.542254   0.716478   0.617308
      0.41   0.513028   0.723919   0.600496
      0.42   0.470322   0.735252   0.573677
      0.43   0.457897   0.745247   0.567258
      0.44   0.431388   0.760171    0.55042
      0.45   0.408501   0.763073   0.532132
      0.46   0.370473   0.764493   0.499088
      0.47   0.351509   0.766387   0.481962
      0.48   0.313229    0.77193   0.445632
      0.49   0.284054   0.775409   0.415792
       0.5   0.251056   0.769721    0.37862
      0.51   0.210714   0.760113   0.329959
      0.52    0.19995   0.759546   0.316564
      0.53   0.178722   0.761511   0.289501
      0.54   0.166499   0.761538   0.273255
      0.55   0.149195   0.775298   0.250236
      0.56    0.12661   0.775168   0.217667
      0.57   0.111268   0.764822   0.194272
      0.58  0.0968813   0.764192   0.171962
      0.59  0.0926559   0.759524   0.165163
       0.6  0.0872736   0.765464   0.156683
      0.61  0.0784708   0.750733    0.14209
      0.62  0.0695674   0.748387   0.127301
      0.63  0.0682093   0.766551   0.125272
      0.64  0.0631791   0.776423    0.11685
      0.65   0.057495   0.776256    0.10706
      0.66  0.0469819   0.811429   0.088821
      0.67  0.0436117   0.819355  0.0828153
      0.68  0.0370221   0.826772  0.0708707
      0.69  0.0355131   0.840708  0.0681475
       0.7   0.024497   0.865169  0.0476449
      0.71  0.0210765   0.927536  0.0412164
      0.72  0.0180584   0.981818  0.0354644
      0.73  0.0120221          1  0.0237586
      0.74  0.0118712          1  0.0234639
      0.75   0.010161          1  0.0201175
      0.76 0.00699195          1  0.0138868
      0.77 0.00628773          1  0.0124969
      0.78 0.00497988          1 0.00991041
      0.79 0.00442656          1  0.0088141
       0.8          0          0          0
      0.81          0          0          0
      0.82          0          0          0
      0.83          0          0          0
      0.84          0          0          0
      0.85          0          0          0
      0.86          0          0          0
      0.87          0          0          0
      0.88          0          0          0
      0.89          0          0          0
       0.9          0          0          0
      0.91          0          0          0
      0.92          0          0          0
      0.93          0          0          0
      0.94          0          0          0
      0.95          0          0          0
      0.96          0          0          0
      0.97          0          0          0
      0.98          0          0          0
      0.99          0          0          0
