         0          1   0.363236   0.532903
      0.01   0.974253   0.345959   0.510602
      0.02   0.974253   0.346375   0.511055
      0.03   0.973865   0.348158    0.51294
      0.04   0.973478   0.353518   0.518679
      0.05   0.970249    0.35896   0.524042
      0.06   0.964049    0.37372   0.538634
      0.07   0.950228   0.387089   0.550091
      0.08   0.920305   0.416888   0.573835
      0.09   0.897572   0.441349   0.591734
       0.1   0.854861   0.484811   0.618728
      0.11   0.804788   0.532912   0.641222
      0.12   0.776457    0.56707   0.655448
      0.13   0.729527   0.613847   0.666706
      0.14   0.689314   0.635757   0.661453
      0.15   0.621846    0.66059   0.640633
      0.16   0.572677   0.671435   0.618136
      0.17   0.501249   0.681065   0.577483
      0.18   0.463704   0.683791   0.552642
      0.19   0.420176   0.687741   0.521649
       0.2   0.397313   0.686843   0.503418
      0.21   0.365065   0.681266   0.475388
      0.22   0.329071   0.673524   0.442127
      0.23   0.316456   0.667743   0.429407
      0.24   0.294368   0.665096   0.408109
      0.25   0.281667   0.667055   0.396085
      0.26   0.270085   0.670681   0.385093
      0.27   0.264531   0.674196   0.379974
      0.28   0.256394   0.672962   0.371318
      0.29    0.24817   0.678399   0.363402
       0.3   0.241066    0.68161   0.356166
      0.31   0.234091    0.68841   0.349378
      0.32   0.229355   0.694335   0.344811
      0.33   0.224834   0.708333   0.341327
      0.34   0.221002   0.716798   0.337842
      0.35   0.219108   0.732268   0.337292
      0.36   0.218505   0.743438   0.337744
      0.37   0.214587   0.753061      0.334
      0.38   0.213683   0.764092   0.333969
      0.39   0.211832   0.777938    0.33299
       0.4   0.209679   0.782193   0.330707
      0.41   0.207526   0.804784   0.329965
      0.42   0.206622    0.82546   0.330513
      0.43   0.206019   0.835111   0.330504
      0.44    0.20533    0.85347   0.331022
      0.45   0.203909   0.861767   0.329786
      0.46   0.202747    0.87876   0.329477
      0.47    0.20223     0.8863   0.329319
      0.48   0.200379   0.899225   0.327728
      0.49   0.199475   0.914487    0.32751
       0.5   0.197666   0.931987   0.326158
      0.51   0.196461   0.947132   0.325421
      0.52   0.194782   0.963443    0.32405
      0.53   0.192069   0.971322   0.320719
      0.54   0.189873   0.972513   0.317716
      0.55   0.179325   0.980882   0.303216
      0.56   0.170671   0.982229   0.290811
      0.57   0.145268   0.994455   0.253505
      0.58    0.13515   0.995918   0.238003
      0.59   0.116206   0.997423    0.20816
       0.6   0.103203          1   0.187098
      0.61  0.0704814          1   0.131682
      0.62  0.0492982          1  0.0939641
      0.63  0.0339275          1  0.0656284
      0.64  0.0258762          1   0.050447
      0.65  0.0204512          1  0.0400827
      0.66  0.0143374          1  0.0282695
      0.67  0.0103763          1  0.0205395
      0.68  0.0066305          1  0.0131737
      0.69 0.00297081          1 0.00592402
       0.7          0          0          0
      0.71          0          0          0
      0.72          0          0          0
      0.73          0          0          0
      0.74          0          0          0
      0.75          0          0          0
      0.76          0          0          0
      0.77          0          0          0
      0.78          0          0          0
      0.79          0          0          0
       0.8          0          0          0
      0.81          0          0          0
      0.82          0          0          0
      0.83          0          0          0
      0.84          0          0          0
      0.85          0          0          0
      0.86          0          0          0
      0.87          0          0          0
      0.88          0          0          0
      0.89          0          0          0
       0.9          0          0          0
      0.91          0          0          0
      0.92          0          0          0
      0.93          0          0          0
      0.94          0          0          0
      0.95          0          0          0
      0.96          0          0          0
      0.97          0          0          0
      0.98          0          0          0
      0.99          0          0          0
