         0          1   0.164811   0.282983
      0.01   0.984091   0.178784   0.302594
      0.02   0.984091   0.178838   0.302672
      0.03   0.984091    0.17904   0.302961
      0.04   0.984091   0.179832   0.304094
      0.05   0.984091   0.181003   0.305767
      0.06   0.984091   0.182841   0.308386
      0.07   0.984091   0.185009   0.311463
      0.08   0.984091   0.190238   0.318839
      0.09   0.983995   0.194345   0.324583
       0.1   0.982376   0.201214   0.334013
      0.11   0.977613   0.211521   0.347792
      0.12   0.974945   0.219576   0.358428
      0.13   0.966657   0.230793   0.372621
      0.14   0.953225   0.239791   0.383188
      0.15   0.937125   0.255487    0.40151
      0.16   0.923597   0.268337   0.415854
      0.17   0.896161   0.288863   0.436899
      0.18   0.885205   0.303315   0.451816
      0.19    0.86539   0.325484   0.473049
       0.2   0.850529   0.339897   0.485696
      0.21   0.828141   0.367191    0.50879
      0.22   0.800038   0.398977   0.532432
      0.23   0.785272   0.421642   0.548678
      0.24   0.749738   0.452358   0.564265
      0.25     0.7183    0.47124   0.569114
      0.26   0.658188   0.503415   0.570491
      0.27   0.638754   0.521788   0.574377
      0.28   0.606173   0.559094   0.581682
      0.29   0.578546   0.575027   0.576781
       0.3   0.528532   0.602998   0.563315
      0.31   0.474707   0.617753   0.536865
      0.32   0.429361   0.625072   0.509054
      0.33   0.373059   0.638269    0.47089
      0.34   0.348099   0.649847   0.453354
      0.35   0.312661   0.664516   0.425242
      0.36   0.285129   0.679916   0.401772
      0.37   0.260265   0.710199   0.380931
      0.38   0.245594   0.733427    0.36797
      0.39   0.224731   0.776294   0.348557
       0.4   0.217205   0.803738   0.341989
      0.41     0.2012   0.865471   0.326498
      0.42   0.185482   0.880435   0.306411
      0.43   0.169572   0.877076   0.284198
      0.44   0.149662   0.866953   0.255258
      0.45   0.136801   0.857868   0.235972
      0.46   0.106983   0.793388   0.188542
      0.47  0.0800229   0.736842   0.144367
      0.48  0.0567781   0.693333   0.104961
      0.49  0.0470611   0.677419  0.0880081
       0.5   0.035534   0.595238  0.0670644
      0.51  0.0228637   0.545455  0.0438877
      0.52  0.0181957   0.461538  0.0350111
      0.53  0.0123845   0.473684  0.0241379
      0.54  0.0104792        0.5  0.0205281
      0.55          0          0          0
      0.56          0          0          0
      0.57          0          0          0
      0.58          0          0          0
      0.59          0          0          0
       0.6          0          0          0
      0.61          0          0          0
      0.62          0          0          0
      0.63          0          0          0
      0.64          0          0          0
      0.65          0          0          0
      0.66          0          0          0
      0.67          0          0          0
      0.68          0          0          0
      0.69          0          0          0
       0.7          0          0          0
      0.71          0          0          0
      0.72          0          0          0
      0.73          0          0          0
      0.74          0          0          0
      0.75          0          0          0
      0.76          0          0          0
      0.77          0          0          0
      0.78          0          0          0
      0.79          0          0          0
       0.8          0          0          0
      0.81          0          0          0
      0.82          0          0          0
      0.83          0          0          0
      0.84          0          0          0
      0.85          0          0          0
      0.86          0          0          0
      0.87          0          0          0
      0.88          0          0          0
      0.89          0          0          0
       0.9          0          0          0
      0.91          0          0          0
      0.92          0          0          0
      0.93          0          0          0
      0.94          0          0          0
      0.95          0          0          0
      0.96          0          0          0
      0.97          0          0          0
      0.98          0          0          0
      0.99          0          0          0
