         0          1   0.317058   0.481463
      0.01   0.956434   0.377474    0.54131
      0.02   0.956434   0.377474    0.54131
      0.03   0.956434   0.377474    0.54131
      0.04   0.956434   0.377715   0.541558
      0.05   0.956434   0.378517   0.542382
      0.06   0.956434   0.380062   0.543967
      0.07   0.956434   0.381814   0.545758
      0.08   0.956434   0.384619   0.548618
      0.09   0.956386   0.386769   0.550794
       0.1   0.956386   0.391094   0.555165
      0.11   0.955798   0.394854   0.558843
      0.12   0.955749   0.397289   0.561269
      0.13   0.954232   0.400305   0.564006
      0.14   0.951882   0.402883   0.566146
      0.15   0.949337   0.407135   0.569873
      0.16   0.946253   0.409226   0.571357
      0.17   0.939596   0.413417   0.574192
      0.18   0.931764   0.414454   0.573715
      0.19   0.914631    0.41698   0.572814
       0.2   0.907876   0.418153   0.572583
      0.21   0.890597   0.419997   0.570807
      0.22   0.870821   0.423725   0.570067
      0.23   0.861178   0.427565   0.571424
      0.24   0.838465   0.432586   0.570722
      0.25   0.827353   0.436382   0.571389
      0.26   0.811493   0.442851   0.573001
      0.27   0.799256   0.446056   0.572568
      0.28   0.771061   0.452758   0.570516
      0.29   0.757208     0.4593   0.571777
       0.3   0.729894   0.463163   0.566712
      0.31   0.696167   0.470482   0.561495
      0.32   0.674531   0.476384   0.558401
      0.33   0.655294   0.484048   0.556801
      0.34   0.638112   0.486448   0.552053
      0.35   0.613442    0.49505   0.547923
      0.36   0.592883   0.497398   0.540959
      0.37   0.561261   0.504255   0.531233
      0.38   0.542268   0.514139   0.527829
      0.39   0.505213   0.529982   0.517301
       0.4   0.489794   0.543972   0.515463
      0.41   0.465857    0.55547   0.506732
      0.42    0.44011   0.567552   0.495772
      0.43   0.425082   0.575171   0.488866
      0.44   0.407166    0.58642   0.480623
      0.45   0.392188   0.592441   0.471951
      0.46   0.371482   0.602871   0.459701
      0.47    0.35665   0.606272   0.449106
      0.48   0.335895   0.609603   0.433132
      0.49   0.321993   0.611451   0.421842
       0.5   0.308826   0.614158   0.410988
      0.51   0.287679   0.620324    0.39307
      0.52   0.276714   0.624336    0.38347
      0.53   0.263204   0.630161   0.371317
      0.54   0.255421    0.63403   0.364145
      0.55   0.242841   0.637174   0.351658
      0.56   0.235988   0.643763   0.345371
      0.57   0.225855   0.656205   0.336048
      0.58   0.221695   0.662202   0.332181
      0.59   0.206226   0.673387   0.315753
       0.6   0.199618   0.678268   0.308456
      0.61   0.189388     0.6875   0.296968
      0.62   0.181017   0.698795   0.287548
      0.63   0.173087   0.706374   0.278044
      0.64   0.164913   0.710963   0.267725
      0.65   0.162906   0.719637   0.265671
      0.66   0.159088   0.726303   0.261005
      0.67    0.15664   0.729064   0.257875
      0.68   0.151696   0.737789   0.251651
      0.69   0.150423   0.741083   0.250085
       0.7   0.146214   0.751055   0.244775
      0.71   0.141955   0.767964   0.239618
      0.72   0.138626   0.785827   0.235677
      0.73   0.129864   0.809441    0.22382
      0.74   0.123697   0.826996   0.215205
      0.75   0.116746   0.852083   0.205355
      0.76   0.110382   0.857143   0.195578
      0.77   0.103921   0.860849   0.185454
      0.78   0.100984   0.876263   0.181097
      0.79  0.0954525   0.879552   0.172216
       0.8  0.0885995       0.88    0.16099
      0.81  0.0779774   0.888112   0.143367
      0.82  0.0718586   0.910931   0.133209
      0.83  0.0699496    0.90678    0.12988
      0.84  0.0635371   0.919048   0.118857
      0.85  0.0624113   0.930693   0.116978
      0.86  0.0599638   0.944751    0.11277
      0.87  0.0523765   0.980769  0.0994425
      0.88  0.0484605          1  0.0924413
      0.89  0.0468941          1  0.0895871
       0.9  0.0436145          1  0.0835835
      0.91  0.0399432          1  0.0768181
      0.92  0.0361251          1  0.0697312
      0.93  0.0309364          1  0.0600161
      0.94  0.0269225          1  0.0524334
      0.95  0.0262372          1  0.0511328
      0.96  0.0250135          1  0.0488061
      0.97  0.0243771          1   0.047594
      0.98  0.0234471          1  0.0458198
      0.99  0.0208038          1  0.0407596
