         0          1    0.28722   0.446264
      0.01   0.883608   0.379016   0.530485
      0.02   0.883608   0.379038   0.530506
      0.03   0.883608   0.379144    0.53061
      0.04   0.883608   0.379706    0.53116
      0.05   0.882996   0.380075   0.531411
      0.06    0.88126    0.38085   0.531852
      0.07   0.880086   0.382148   0.532901
      0.08    0.87932   0.385359   0.535873
      0.09    0.87687   0.387387   0.537372
       0.1   0.873296   0.391221   0.540367
      0.11   0.867477   0.394979   0.542807
      0.12   0.862678   0.398115   0.544808
      0.13    0.85354   0.402592   0.547122
      0.14   0.847772   0.405657   0.548742
      0.15   0.837307   0.409993   0.550453
      0.16   0.832406   0.413129   0.552198
      0.17   0.822911   0.419554   0.555759
      0.18   0.815662   0.422763   0.556887
      0.19   0.809638   0.428336   0.560265
       0.2   0.801572   0.430955   0.560542
      0.21   0.790495   0.436175   0.562163
      0.22   0.781816   0.441488   0.564312
      0.23   0.775078   0.443678   0.564321
      0.24   0.759048   0.445121   0.561165
      0.25   0.749706   0.445275   0.558713
      0.26   0.729899   0.442956   0.551327
      0.27   0.719026   0.442245   0.547651
      0.28    0.69779   0.442216   0.541355
      0.29    0.68079   0.442517   0.536383
       0.3    0.66471   0.444294   0.532598
      0.31   0.646689    0.44933    0.53024
      0.32    0.63454   0.451171    0.52737
      0.33   0.616979   0.456123   0.524495
      0.34   0.605238   0.457531    0.52112
      0.35   0.585175   0.462782   0.516831
      0.36   0.567359   0.462705   0.509716
      0.37   0.549696   0.463732   0.503068
      0.38   0.535454   0.464323   0.497358
      0.39   0.510388   0.460801   0.484329
       0.4   0.497371   0.461834   0.478944
      0.41   0.470774    0.46319   0.466952
      0.42   0.457297   0.464649   0.460944
      0.43   0.442136   0.462683   0.452176
      0.44   0.418909   0.460409    0.43868
      0.45   0.401705   0.455584   0.426951
      0.46   0.377099   0.453802    0.41191
      0.47   0.364694   0.453741   0.404373
      0.48   0.343969    0.44974   0.389807
      0.49   0.329011   0.447112   0.379076
       0.5   0.303129   0.444562   0.360469
      0.51    0.28904   0.447257   0.351149
      0.52    0.27934   0.447828   0.344065
      0.53   0.262086    0.44916   0.331021
      0.54   0.253459    0.44797   0.323745
      0.55   0.240696       0.44   0.311171
      0.56   0.217163    0.43294   0.289242
      0.57   0.201491   0.434682   0.275348
      0.58   0.190566   0.432827   0.264623
      0.59   0.178774   0.430556   0.252645
       0.6   0.163408   0.426743   0.236323
      0.61   0.151973   0.421379   0.223382
      0.62   0.137271    0.43093   0.208216
      0.63    0.12604   0.431992   0.195144
      0.64   0.106897   0.438116   0.171861
      0.65     0.1022   0.451807   0.166694
      0.66    0.08954   0.473469     0.1506
      0.67  0.0860687   0.507645   0.147183
      0.68  0.0817806   0.557798   0.142647
      0.69  0.0773904   0.574074   0.136394
       0.7  0.0722344   0.609756   0.129167
      0.71  0.0599826   0.645963   0.109772
      0.72  0.0496707    0.76824  0.0933086
      0.73  0.0452805   0.897436  0.0862112
      0.74  0.0404819   0.957265  0.0776788
      0.75  0.0272602          1  0.0530736
      0.76  0.0196539          1  0.0385501
      0.77 0.00923988          1  0.0183106
      0.78 0.00209301          1 0.00417728
      0.79          0          0          0
       0.8          0          0          0
      0.81          0          0          0
      0.82          0          0          0
      0.83          0          0          0
      0.84          0          0          0
      0.85          0          0          0
      0.86          0          0          0
      0.87          0          0          0
      0.88          0          0          0
      0.89          0          0          0
       0.9          0          0          0
      0.91          0          0          0
      0.92          0          0          0
      0.93          0          0          0
      0.94          0          0          0
      0.95          0          0          0
      0.96          0          0          0
      0.97          0          0          0
      0.98          0          0          0
      0.99          0          0          0
