         0          1   0.273534   0.429567
      0.01    0.97807   0.363493   0.530011
      0.02    0.97807   0.363534   0.530055
      0.03    0.97807    0.36356   0.530082
      0.04    0.97807   0.363964   0.530512
      0.05    0.97807     0.3642   0.530763
      0.06    0.97807   0.365527    0.53217
      0.07    0.97807   0.366986   0.533714
      0.08    0.97807   0.369753   0.536635
      0.09   0.977974   0.371784   0.538756
       0.1   0.977732   0.374516   0.541582
      0.11   0.976182   0.378499   0.545492
      0.12   0.975069   0.380313   0.547198
      0.13   0.973326   0.384322   0.551057
      0.14   0.970034   0.387852    0.55414
      0.15   0.964419   0.393644   0.559087
      0.16   0.962918   0.398277   0.563488
      0.17   0.959045   0.405018    0.56952
      0.18   0.954253   0.409699    0.57327
      0.19   0.948976    0.41499   0.577457
       0.2   0.948492   0.420053   0.582249
      0.21   0.945878   0.427153   0.588529
      0.22   0.940746   0.435374   0.595262
      0.23   0.939439   0.439944   0.599254
      0.24   0.936051   0.449117   0.606997
      0.25   0.932565   0.455335   0.611902
      0.26   0.927047   0.463351   0.617878
      0.27   0.923077   0.468669   0.621691
      0.28   0.917703   0.478305   0.628853
      0.29   0.912572   0.484212   0.632708
       0.3   0.907005   0.493231   0.638982
      0.31   0.896113    0.49923   0.641228
      0.32   0.889819    0.50546   0.644699
      0.33   0.868713   0.513958   0.645826
      0.34   0.857966   0.519959   0.647505
      0.35   0.844605   0.531306   0.652286
      0.36    0.83623   0.537696   0.654529
      0.37   0.822772   0.546179   0.656533
      0.38   0.806651   0.551305   0.654971
      0.39   0.789853   0.560331   0.655584
       0.4   0.777267   0.565384   0.654607
      0.41   0.758871   0.576271   0.655085
      0.42   0.742315   0.586732   0.655417
      0.43   0.728615   0.593925   0.654411
      0.44   0.712785   0.603155   0.653403
      0.45   0.701263    0.60876   0.651746
      0.46   0.676817   0.613363   0.643529
      0.47   0.653193   0.616175   0.634144
      0.48   0.605703   0.611229   0.608453
      0.49   0.570218   0.607547   0.588291
       0.5   0.524423   0.605394   0.562007
      0.51   0.470543   0.607867   0.530461
      0.52   0.457666   0.612615   0.523924
      0.53   0.423053    0.62438   0.504368
      0.54   0.394007   0.629545   0.484675
      0.55   0.358184   0.639549   0.459193
      0.56   0.343177   0.648637   0.448869
      0.57   0.335044   0.674773   0.447762
      0.58   0.329428   0.692308   0.446428
      0.59   0.319795   0.711991   0.441353
       0.6   0.318923   0.729911   0.443894
      0.61    0.31355   0.753254   0.442786
      0.62    0.30837   0.774011   0.441031
      0.63    0.29985   0.788274   0.434443
      0.64   0.295929   0.804215   0.432653
      0.65   0.292734   0.815493   0.430818
      0.66   0.289393   0.836674   0.430042
      0.67   0.282907   0.855814   0.425241
      0.68   0.274338   0.881773   0.418479
      0.69   0.269545   0.897284   0.414557
       0.7   0.264172   0.912734    0.40975
      0.71   0.261897   0.926648   0.408375
      0.72   0.261074   0.941683   0.408809
      0.73   0.256039   0.948156   0.403199
      0.74   0.252166    0.95567    0.39904
      0.75   0.244469   0.958696   0.389592
      0.76   0.238805   0.967963   0.383097
      0.77   0.224428   0.978149   0.365089
      0.78   0.207775   0.982216   0.342994
      0.79   0.194559   0.986627   0.325024
       0.8   0.183279   0.989028   0.309251
      0.81   0.172678   0.991722    0.29414
      0.82   0.162463   0.996357   0.279373
      0.83   0.153749          1   0.266521
      0.84    0.13758          1   0.241883
      0.85   0.125769          1   0.223436
      0.86   0.114489          1   0.205456
      0.87   0.105291          1   0.190522
      0.88  0.0808443          1   0.149595
      0.89  0.0650627          1   0.122176
       0.9  0.0488454          1  0.0931413
      0.91  0.0264801          1   0.051594
      0.92  0.0241081          1  0.0470811
      0.93  0.0156848          1  0.0308851
      0.94  0.0144261          1  0.0284419
      0.95  0.0110858          1  0.0219286
      0.96 0.00503461          1  0.0100188
      0.97 0.00382437          1  0.0076196
      0.98 0.00329186          1 0.00656212
      0.99          0          0          0
