         0          1   0.279386    0.43675
      0.01   0.935928   0.348501   0.507886
      0.02   0.935928   0.348567   0.507956
      0.03   0.935914   0.348779   0.508179
      0.04    0.93574   0.349638   0.509065
      0.05   0.935419   0.350639   0.510078
      0.06   0.934735   0.353248   0.512729
      0.07   0.933811   0.355727   0.515195
      0.08   0.931961   0.360702   0.520104
      0.09    0.93023   0.364659   0.523932
       0.1   0.926524   0.371408   0.530257
      0.11   0.921207   0.378962   0.537011
      0.12   0.916603   0.384392   0.541639
      0.13   0.908749   0.393022   0.548727
      0.14    0.90282   0.399145   0.553557
      0.15    0.89209   0.408603   0.560487
      0.16    0.88491   0.415341   0.565336
      0.17   0.871364   0.425496   0.571784
      0.18   0.862061   0.432576    0.57608
      0.19   0.846996   0.443437   0.582113
       0.2   0.836998   0.450663   0.585874
      0.21   0.819589   0.461932   0.590851
      0.22   0.800497   0.473223   0.594814
      0.23   0.786614   0.480821   0.596828
      0.24   0.766274   0.492491   0.599609
      0.25    0.75287   0.500441   0.601234
      0.26   0.731547   0.512449   0.602704
      0.27   0.717779   0.520434    0.60338
      0.28   0.695661   0.532573   0.603289
      0.29   0.680156   0.540871    0.60257
       0.3   0.658473   0.552518   0.600861
      0.31   0.635329   0.563636   0.597339
      0.32   0.619452   0.571552   0.594539
      0.33   0.596373   0.583819   0.590029
      0.34   0.581639   0.592006   0.586777
      0.35   0.559313   0.604212   0.580896
      0.36   0.544161   0.611859   0.576028
      0.37   0.521178   0.622648   0.567412
      0.38   0.506174   0.630247   0.561438
      0.39   0.484701   0.641256   0.552094
       0.4   0.470628   0.648895   0.545568
      0.41   0.450512   0.659238   0.535246
      0.42   0.430508   0.669293   0.523978
      0.43   0.418206   0.676423   0.516858
      0.44   0.398651   0.687142   0.504571
      0.45   0.385485   0.694036   0.495666
      0.46   0.366962   0.703603   0.482354
      0.47   0.355843     0.7098   0.474037
      0.48   0.338406    0.71838   0.460082
      0.49   0.327151   0.724874   0.450832
       0.5   0.311697   0.733213   0.437436
      0.51   0.296059   0.742579   0.423338
      0.52   0.287005   0.748941   0.414983
      0.53    0.27285   0.759089   0.401414
      0.54   0.263331   0.765275   0.391832
      0.55   0.249607   0.775163   0.377619
      0.56   0.241028   0.782039   0.368487
      0.57   0.228785   0.792464   0.355063
      0.58   0.220174   0.797928   0.345118
      0.59   0.209225   0.806317    0.33224
       0.6   0.201317   0.812613    0.32269
      0.61    0.18983   0.820438   0.308322
      0.62   0.179276    0.83009   0.294868
      0.63   0.171321   0.835441   0.284335
      0.64   0.160568   0.844873   0.269851
      0.65   0.153508    0.85209   0.260149
      0.66   0.143713   0.861237   0.246322
      0.67   0.137675   0.866569   0.237601
      0.68   0.128077   0.875159   0.223452
      0.69   0.122177    0.88051   0.214579
       0.7   0.115272   0.889242   0.204089
      0.71   0.107756   0.897393   0.192409
      0.72   0.103665   0.907012   0.186064
      0.73  0.0970876   0.918683   0.175616
      0.74  0.0929055   0.924591   0.168845
      0.75  0.0862053   0.931988   0.157813
      0.76  0.0819744   0.936557   0.150754
      0.77  0.0757939   0.941711   0.140296
      0.78  0.0715162   0.943519   0.132955
      0.79   0.065417   0.945203   0.122365
       0.8  0.0609481   0.947666    0.11453
      0.81  0.0551185   0.951428     0.1042
      0.82  0.0492593   0.958057  0.0937009
      0.83  0.0460821   0.958974  0.0879384
      0.84  0.0410792   0.960604  0.0787891
      0.85  0.0378206   0.962215  0.0727806
      0.86  0.0330253    0.95731   0.063848
      0.87  0.0295043   0.956423  0.0572428
      0.88  0.0249826   0.951627   0.048687
      0.89  0.0226688   0.946891  0.0442776
       0.9  0.0189993   0.940441  0.0372462
      0.91  0.0160479   0.948783  0.0315619
      0.92  0.0142009   0.945118  0.0279814
      0.93  0.0114488   0.935953  0.0226209
      0.94  0.0096395   0.926509  0.0190805
      0.95 0.00711521   0.901754   0.014119
      0.96 0.00538116    0.87971  0.0106969
      0.97 0.00404273   0.839921 0.00804673
      0.98 0.00326266   0.802956 0.00649892
      0.99 0.00218867   0.704981 0.00436379
