    119082   0.274949    0.89739    0.71955    0.79869
     58060        0.3   0.497051   0.628816   0.555223
     42049       0.25   0.964357   0.733416   0.833179
     24077       0.02   0.885787   0.532995   0.665528
     78004       0.29   0.806051   0.671387   0.732582
     45096       0.18   0.823319   0.688511   0.749905
     38092        0.4   0.783821   0.758378   0.770889
     43074   0.220606   0.721412   0.695124   0.708024
     16077   0.294747   0.751209   0.456574   0.567954
     86000       0.28   0.761922   0.573861   0.654653
    101085       0.37   0.777061   0.787649   0.782319
     89072    0.22697    0.77712   0.443014   0.564323
    126007       0.22   0.880038    0.62751   0.732624
     76053       0.17   0.751318   0.593261      0.663
     86016       0.13   0.729527   0.613847   0.666706
    103070       0.19   0.813786   0.466672    0.59318
      8023       0.16   0.953729   0.213191   0.348483
     41033       0.39   0.635255    0.64134   0.638283
    109053       0.22   0.697144   0.404325   0.511812
    130026       0.53   0.362559   0.541169   0.434214
    108082        0.3    0.62691   0.247765   0.355164
     69040          0          1   0.319512   0.484288
     14037       0.21    0.77178   0.565457   0.652701
     54082       0.07   0.877121   0.591839   0.706778
     62096       0.57   0.703895   0.838602   0.765367
     12084       0.14   0.958418   0.309998    0.46847
     69015       0.23   0.815119   0.722555   0.766051
     97033       0.37   0.822772   0.546179   0.656533
     19021       0.28   0.810484   0.749067   0.778566
     86068       0.28   0.606173   0.559094   0.581682
      3096        0.3   0.720023   0.880923   0.792388
     41069       0.33   0.741094   0.615098   0.672243
     21077   0.284444   0.812756   0.639251   0.715637
    108070       0.21   0.644271   0.266617   0.377156
    123074       0.35   0.470617   0.415902   0.441571
     38082       0.19   0.862443   0.483971   0.620014
     33039       0.49   0.594517   0.586944   0.590706
    108005       0.23   0.747128   0.457965   0.567854
    106024       0.34   0.635095   0.799277   0.707789
    102061       0.38   0.602724   0.503325   0.548558
     37073       0.03   0.984074   0.755799   0.854961
     65033       0.27   0.702402   0.640607   0.670083
     55073       0.26   0.687956   0.546089   0.608868
     66053       0.22   0.789234   0.521359   0.627921
     85048       0.39   0.772268   0.704336   0.736739
     42012       0.01   0.875491   0.479922   0.619984
     87046       0.17   0.939596   0.413417   0.574192
    105025       0.49   0.473786    0.75739   0.582924
    101087   0.258586   0.842581   0.749459   0.793296
     69020       0.28   0.751659   0.617217   0.677836
